0 0.000000
1 0.000000
2 0.000000
3 0.000000
4 0.000000
5 0.000000
6 0.000000
7 -0.856920
8 -1.668500
9 -2.437100
10 -3.165000
11 -3.854400
12 -4.507200
13 -5.125600
14 -5.711100
15 -6.265700
16 -6.791000
17 -7.288400
18 -7.759500
19 -8.205700
20 -8.628200
21 -9.028400
22 -9.407400
23 -9.766300
24 -10.106000
25 -10.428000
26 -10.733000
27 -11.022000
28 -11.295000
29 -11.554000
30 -11.800000
31 -12.032000
32 -12.252000
33 -12.460000
34 -12.657000
35 -12.844000
36 -13.021000
37 -13.189000
38 -13.348000
39 -13.498000
40 -13.640000
41 -13.775000
42 -13.903000
43 -14.024000
44 -14.138000
45 -14.247000
46 -14.350000
47 -14.447000
48 -14.539000
49 -14.626000
50 -14.709000
51 -14.787000
52 -14.861000
53 -14.932000
54 -14.998000
55 -15.061000
56 -15.121000
57 -15.177000
58 -15.231000
59 -15.281000
60 -15.329000
61 -15.375000
62 -15.418000
63 -15.459000
64 -15.497000
65 -15.534000
66 -15.568000
67 -15.601000
68 -15.632000
69 -15.662000
70 -15.689000
71 -15.716000
72 -15.741000
73 -15.764000
74 -15.787000
75 -15.808000
76 -15.828000
77 -15.847000
78 -15.865000
79 -15.882000
80 -15.898000
81 -15.914000
82 -15.928000
83 -15.942000
84 -15.955000
85 -15.967000
86 -15.979000
87 -15.990000
88 -16.001000
89 -16.010000
90 -16.020000
91 -16.029000
92 -16.037000
93 -16.045000
94 -16.053000
95 -16.060000
96 -16.067000
97 -16.073000
98 -16.079000
99 -16.085000
100 -16.090000
101 -16.095000
102 -16.100000
103 -16.105000
104 -16.109000
105 -16.113000
106 -16.117000
107 -16.121000
108 -16.125000
109 -16.128000
110 -16.131000
111 -16.134000
112 -16.137000
113 -16.140000
114 -16.142000
115 -16.145000
116 -16.147000
117 -16.149000
118 -16.151000
119 -16.153000
120 -16.155000
121 -16.157000
122 -16.158000
123 -16.160000
124 -16.161000
125 -16.163000
126 -16.164000
127 -16.165000
128 -16.166000
129 -16.168000
130 -16.169000
131 -16.170000
132 -16.171000
133 -16.172000
134 -16.172000
135 -16.173000
136 -16.174000
137 -16.175000
138 -16.175000
139 -16.176000
140 -16.177000
141 -16.177000
142 -16.178000
143 -16.178000
144 -16.179000
145 -16.179000
146 -16.180000
147 -16.180000
148 -16.181000
149 -16.181000
150 -16.181000
151 -16.182000
152 -16.182000
153 -16.182000
154 -16.183000
155 -16.183000
156 -16.183000
157 -16.183000
158 -16.184000
159 -16.184000
160 -16.184000
161 -16.184000
162 -16.184000
163 -16.185000
164 -16.185000
165 -16.185000
166 -16.185000
167 -16.185000
168 -16.185000
169 -16.185000
170 -16.186000
171 -16.186000
172 -16.186000
173 -16.186000
174 -16.186000
175 -16.186000
176 -16.186000
177 -16.186000
178 -16.186000
179 -16.186000
180 -16.186000
181 -16.187000
182 -16.187000
183 -16.187000
184 -16.187000
185 -16.187000
186 -16.187000
187 -16.187000
188 -16.187000
189 -16.187000
190 -16.187000
191 -16.187000
192 -16.187000
193 -16.187000
194 -16.187000
195 -16.187000
196 -16.187000
197 -16.187000
198 -16.187000
199 -16.187000
