0 0.000000
1 0.000000
2 0.000000
3 0.000000
4 0.000000
5 0.000000
6 0.000000
7 0.428460
8 0.834240
9 1.218500
10 1.582500
11 1.927200
12 2.253600
13 2.562800
14 2.855600
15 3.132900
16 3.395500
17 3.644200
18 3.879700
19 4.102800
20 4.314100
21 4.514200
22 4.703700
23 4.883100
24 5.053100
25 5.214100
26 5.366500
27 5.510900
28 5.647600
29 5.777100
30 5.899800
31 6.015900
32 6.125900
33 6.230100
34 6.328700
35 6.422200
36 6.510700
37 6.594500
38 6.673900
39 6.749000
40 6.820200
41 6.887600
42 6.951500
43 7.012000
44 7.069200
45 7.123500
46 7.174800
47 7.223500
48 7.269600
49 7.313200
50 7.354500
51 7.393700
52 7.430700
53 7.465800
54 7.499100
55 7.530600
56 7.560400
57 7.588600
58 7.615400
59 7.640700
60 7.664700
61 7.687400
62 7.708900
63 7.729300
64 7.748600
65 7.766900
66 7.784200
67 7.800600
68 7.816100
69 7.830800
70 7.844700
71 7.857900
72 7.870400
73 7.882200
74 7.893400
75 7.904100
76 7.914100
77 7.923600
78 7.932600
79 7.941200
80 7.949200
81 7.956900
82 7.964200
83 7.971000
84 7.977500
85 7.983700
86 7.989500
87 7.995000
88 8.000300
89 8.005200
90 8.009900
91 8.014400
92 8.018600
93 8.022600
94 8.026300
95 8.029900
96 8.033300
97 8.036500
98 8.039500
99 8.042400
100 8.045100
101 8.047700
102 8.050200
103 8.052500
104 8.054700
105 8.056700
106 8.058700
107 8.060600
108 8.062300
109 8.064000
110 8.065600
111 8.067100
112 8.068500
113 8.069800
114 8.071100
115 8.072300
116 8.073500
117 8.074500
118 8.075600
119 8.076500
120 8.077400
121 8.078300
122 8.079100
123 8.079900
124 8.080700
125 8.081400
126 8.082000
127 8.082600
128 8.083200
129 8.083800
130 8.084300
131 8.084800
132 8.085300
133 8.085800
134 8.086200
135 8.086600
136 8.087000
137 8.087400
138 8.087700
139 8.088000
140 8.088300
141 8.088600
142 8.088900
143 8.089200
144 8.089400
145 8.089700
146 8.089900
147 8.090100
148 8.090300
149 8.090500
150 8.090700
151 8.090800
152 8.091000
153 8.091100
154 8.091300
155 8.091400
156 8.091500
157 8.091700
158 8.091800
159 8.091900
160 8.092000
161 8.092100
162 8.092200
163 8.092300
164 8.092400
165 8.092400
166 8.092500
167 8.092600
168 8.092700
169 8.092700
170 8.092800
171 8.092800
172 8.092900
173 8.092900
174 8.093000
175 8.093000
176 8.093100
177 8.093100
178 8.093200
179 8.093200
180 8.093200
181 8.093300
182 8.093300
183 8.093300
184 8.093400
185 8.093400
186 8.093400
187 8.093400
188 8.093500
189 8.093500
190 8.093500
191 8.093500
192 8.093500
193 8.093600
194 8.093600
195 8.093600
196 8.093600
197 8.093600
198 8.093600
199 8.093600
