0.1	11.97283
0.2	11.97733
0.3	11.98183
0.4	11.98633
0.5	11.99084
0.6	11.99534
0.7	11.99984
0.8	11.96579
0.9	11.97029
1	11.97479
1.1	11.97929
1.2	11.98379
1.3	11.98829
1.4	11.99279
1.5	11.99729
1.6	11.96325
1.7	11.96776
1.8	11.97226
1.9	11.97676
2	11.98126
2.1	11.98576
2.2	11.99026
2.3	11.99476
2.4	11.99926
2.5	11.96521
2.6	11.96972
2.7	11.97422
2.8	11.97872
2.9	11.98322
3	11.98772
3.1	11.99222
3.2	11.99672
3.3	12.00122
3.4	11.96717
3.5	11.97167
3.6	11.97617
3.7	11.98067
3.8	11.98517
3.9	11.98967
4	11.99417
4.1	11.99867
4.2	11.96463
4.3	11.96913
4.4	11.97363
4.5	11.97813
4.6	11.98263
4.7	11.98713
4.8	11.99163
4.9	11.99613
5	11.9621
5.1	11.9666
5.2	11.9711
5.3	11.9756
5.4	11.9801
5.5	11.9846
5.6	11.9891
5.7	11.9936
5.8	11.9981
5.9	11.96406
6	11.96856
6.1	11.97306
6.2	11.97756
6.3	11.98206
6.4	11.98656
6.5	11.99106
6.6	11.99556
6.7	12.00006
6.8	11.96602
6.9	11.97052
7	11.97502
7.1	11.97952
7.2	11.98402
7.3	11.98852
7.4	11.99302
7.5	11.99752
7.6	11.96348
7.7	11.96798
7.8	11.97248
7.9	11.97698
8	11.98148
8.1	11.99048
8.2	11.99498
8.3	11.99948
8.4	11.96544
8.5	11.96994
8.6	11.97444
8.7	11.97894
8.8	11.98344
8.9	11.98794
9	11.99244
9.1	11.99694
9.2	12.00144
9.3	12.00594
9.4	12.01044
9.5	12.01494
9.6	12.01944
9.7	12.02394
9.8	12.02845
9.9	12.03295
10	12.03745
10.1	12.04195
10.2	12.04645
10.3	12.05095
10.4	12.05545
10.5	12.05995
10.6	12.06445
10.7	12.06895
10.8	12.07345
10.9	12.07795
11	12.08245
11.1	12.08695
11.2	12.09145
11.3	12.09595
11.4	12.10045
11.5	12.10495
11.6	12.10945
11.7	12.11395
11.8	12.11845
11.9	12.12295
12	12.12745
12.1	12.13195
12.2	12.13645
12.3	12.14095
12.4	12.14546
12.5	12.14996
12.6	12.15446
12.7	12.15896
12.8	12.16346
12.9	12.16796
13	12.17246
13.1	12.17696
13.2	12.18146
13.3	12.18596
13.4	12.19046
13.5	12.19496
13.6	12.19946
13.7	12.20396
13.8	12.20846
13.9	12.21296
14	12.21746
14.1	12.22196
14.2	12.22646
14.3	12.23096
14.4	12.23546
14.5	12.23996
14.6	12.24446
14.7	12.24896
14.8	12.25346
14.9	12.25797
15	12.26247
15.1	12.26697
15.2	12.27147
15.3	12.27597
15.4	12.28047
15.5	12.28497
15.6	12.28947
15.7	12.29397
15.8	12.29847
15.9	12.30297
16	12.30747
16.1	12.31197
16.2	12.31647
16.3	12.32097
16.4	12.32547
16.5	12.32997
16.6	12.33447
16.7	12.33897
16.8	12.34347
16.9	12.34797
17	12.35247
17.1	12.35697
17.2	12.36147
17.3	12.36597
17.4	12.37047
17.5	12.37498
17.6	12.37948
17.7	12.38398
17.8	12.38848
17.9	12.39298
18	12.39748
18.1	12.40198
18.2	12.40648
18.3	12.41098
18.4	12.41548
18.5	12.41998
18.6	12.42448
18.7	12.42898
18.8	12.43348
18.9	12.43798
19	12.44248
19.1	12.44698
19.2	12.45148
19.3	12.45598
19.4	12.46048
19.5	12.46498
19.6	12.46948
19.7	12.47398
19.8	12.47848
19.9	12.48298
20	12.48748
20.1	12.49199
20.2	12.49649
20.3	12.50099
20.4	12.50549
20.5	12.50999
20.6	12.51449
20.7	12.51899
20.8	12.52349
20.9	12.52799
21	12.53249
21.1	12.53699
21.2	12.54149
21.3	12.54599
21.4	12.55049
21.5	12.55499
21.6	12.55949
21.7	12.56399
21.8	12.56849
21.9	12.57299
22	12.57749
22.1	12.58199
22.2	12.58649
22.3	12.59099
22.4	12.59549
22.5	12.59999
22.6	12.6045
22.7	12.609
22.8	12.6335
22.9	12.658
23	12.6825
23.1	12.707
23.2	12.73149
23.3	12.75599
23.4	12.78049
23.5	12.80499
23.6	12.82949
23.7	12.85399
23.8	12.87849
23.9	12.90299
24	12.92749
24.1	12.95199
24.2	12.93645
24.3	12.96095
24.4	12.94539
24.5	12.96989
24.6	12.95432
24.7	12.97882
24.8	12.96323
24.9	12.98773
25	12.97213
25.1	12.99663
25.2	12.98102
25.3	13.00552
25.4	12.98989
25.5	13.01439
25.6	12.99875
25.7	13.02325
25.8	13.0076
25.9	13.0321
26	13.01643
26.1	13.04093
26.2	13.02525
26.3	13.04975
26.4	13.03406
26.5	13.01839
26.6	13.04289
26.7	13.0272
26.8	13.0517
26.9	13.036
27	13.02033
27.1	13.04483
27.2	13.02914
27.3	13.05364
27.4	13.03794
27.5	13.02227
27.6	13.04677
27.7	13.03108
27.8	13.01541
27.9	13.03991
28	13.04873
28.1	13.03304
28.2	13.01737
28.3	13.04187
28.4	13.02619
28.5	13.05068
28.6	13.03499
28.7	13.01932
28.8	13.04382
28.9	13.02813
29	13.05263
29.1	13.03693
29.2	13.02126
29.3	13.04576
29.4	13.03007
29.5	13.0144
29.6	13.0389
29.7	13.02322
29.8	13.04772
29.9	13.03203
30	13.01636
30.1	13.04086
30.2	13.02518
30.3	13.04968
30.4	13.03399
30.5	13.01832
30.6	13.04282
30.7	13.02713
30.8	13.05163
30.9	13.03594
31	13.02026
31.1	13.04476
31.2	13.02907
31.3	13.05357
31.4	13.03787
31.5	13.0222
31.6	13.0467
31.7	13.03101
31.8	13.01534
31.9	13.03984
32	13.02416
32.1	13.04866
32.2	13.03297
32.3	13.05747
32.4	13.04176
32.5	13.02608
32.6	13.05058
32.7	13.03488
32.8	13.01921
32.9	13.04371
33	13.02803
33.1	13.05253
33.2	13.03683
33.3	13.02115
33.4	13.04565
33.5	13.02996
33.6	13.05446
33.7	13.03876
33.8	13.02308
33.9	13.04758
34	13.03189
34.1	13.05639
34.2	13.04069
34.3	13.02501
34.4	13.04951
34.5	13.03381
34.6	13.01814
34.7	13.04264
34.8	13.02696
34.9	13.05146
35	13.03576
35.1	13.02009
35.2	13.04459
35.3	13.0289
35.4	13.0534
35.5	13.0377
35.6	13.02202
35.7	13.04652
35.8	13.03083
35.9	13.05533
36	13.03963
36.1	13.02395
36.2	13.04845
36.3	13.03276
36.4	13.05726
36.5	13.04155
36.6	13.02587
36.7	13.05037
36.8	13.03467
36.9	13.019
37	13.00335
37.1	13.02785
37.2	13.03219
37.3	13.03652
37.4	13.04085
37.5	13.04517
37.6	13.04948
37.7	13.05379
37.8	13.05809
37.9	13.06238
38	13.06666
38.1	13.07094
38.2	13.07522
38.3	13.07948
38.4	13.08374
38.5	13.08799
38.6	13.09224
38.7	13.09648
38.8	13.10071
38.9	13.10494
39	13.10916
39.1	13.11337
39.2	13.11758
39.3	13.12178
39.4	13.12598
39.5	13.13016
39.6	13.13435
39.7	13.13852
39.8	13.14269
39.9	13.14685
40	13.15101
40.1	13.15516
40.2	13.1593
40.3	13.16344
40.4	13.16757
40.5	13.17169
40.6	13.17581
40.7	13.17992
40.8	13.18403
40.9	13.18812
41	13.19222
41.1	13.1963
41.2	13.20038
41.3	13.20446
41.4	13.20852
41.5	13.21259
41.6	13.21664
41.7	13.22069
41.8	13.22473
41.9	13.22877
42	13.2328
42.1	13.23682
42.2	13.24084
42.3	13.24485
42.4	13.24886
42.5	13.25286
42.6	13.25685
42.7	13.26084
42.8	13.26482
42.9	13.2688
43	13.27277
43.1	13.27673
43.2	13.28069
43.3	13.28464
43.4	13.28858
43.5	13.29252
43.6	13.29646
43.7	13.30038
43.8	13.3043
43.9	13.30822
44	13.31213
44.1	13.31603
44.2	13.31993
44.3	13.32382
44.4	13.3277
44.5	13.33158
44.6	13.33546
44.7	13.33932
44.8	13.34319
44.9	13.34704
45	13.35089
45.1	13.35474
45.2	13.35857
45.3	13.36241
45.4	13.36623
45.5	13.37005
45.6	13.37387
45.7	13.37768
45.8	13.38148
45.9	13.38528
46	13.38907
46.1	13.39285
46.2	13.39664
46.3	13.40041
46.4	13.40418
46.5	13.40794
46.6	13.4117
46.7	13.41545
46.8	13.4192
46.9	13.42294
47	13.42667
47.1	13.4304
47.2	13.43412
47.3	13.43784
47.4	13.44155
47.5	13.44526
47.6	13.44896
47.7	13.45265
47.8	13.45634
47.9	13.46371
48	13.46738
48.1	13.47105
48.2	13.47471
48.3	13.47836
48.4	13.48201
48.5	13.48566
48.6	13.4893
48.7	13.49293
48.8	13.49656
48.9	13.50018
49	13.5038
49.1	13.50741
49.2	13.51102
49.3	13.51462
49.4	13.51822
49.5	13.5218
49.6	13.52539
49.7	13.52897
49.8	13.53254
49.9	13.53611
50	13.53967
50.1	13.54323
50.2	13.54678
50.3	13.55033
50.4	13.55387
50.5	13.55741
50.6	13.56094
50.7	13.56446
50.8	13.56798
50.9	13.5715
51	13.57501
51.1	13.57851
51.2	13.58201
51.3	13.58551
51.4	13.58899
51.5	13.59248
51.6	13.59595
51.7	13.59943
51.8	13.60289
51.9	13.60636
52	13.60981
52.1	13.61327
52.2	13.61671
52.3	13.62015
52.4	13.62359
52.5	13.62702
52.6	13.63045
52.7	13.63387
52.8	13.63728
52.9	13.64069
53	13.6441
53.1	13.6475
53.2	13.65089
53.3	13.65428
53.4	13.65767
53.5	13.66105
53.6	13.66442
53.7	13.66779
53.8	13.67115
53.9	13.67451
54	13.67787
54.1	13.68122
54.2	13.68456
54.3	13.6879
54.4	13.69123
54.5	13.69456
54.6	13.69789
54.7	13.70121
54.8	13.70452
54.9	13.70783
55	13.71113
55.1	13.71443
55.2	13.71773
55.3	13.72102
55.4	13.7243
55.5	13.72758
55.6	13.73085
55.7	13.73412
55.8	13.73739
55.9	13.74065
56	13.7439
56.1	13.74715
56.2	13.7504
56.3	13.75364
56.4	13.75688
56.5	13.76011
56.6	13.76333
56.7	13.76655
56.8	13.76977
56.9	13.77298
57	13.77618
57.1	13.77939
57.2	13.78258
57.3	13.78577
57.4	13.78896
57.5	13.79214
57.6	13.79532
57.7	13.79849
57.8	13.80166
57.9	13.80483
58	13.80798
58.1	13.81114
58.2	13.81429
58.3	13.85879
58.4	13.90329
58.5	13.94779
58.6	13.99229
58.7	14.03679
58.8	14.08129
58.9	14.12579
59	14.17029
59.1	14.21479
59.2	14.25929
59.3	14.30379
59.4	14.34829
59.5	14.39279
59.6	14.43729
59.7	14.48179
59.8	14.52629
59.9	14.57079
60	14.61529
60.1	14.65979
60.2	14.70429
60.3	14.74879
60.4	14.79329
60.5	14.8378
60.6	14.8823
60.7	14.88387
60.8	14.92837
60.9	14.92988
61	14.97438
61.1	14.97582
61.2	15.02032
61.3	15.0217
61.4	15.02308
61.5	15.02445
61.6	15.02582
61.7	15.02719
61.8	15.02856
61.9	15.02992
62	15.03129
62.1	15.03265
62.2	15.03401
62.3	15.03536
62.4	15.03672
62.5	15.03807
62.6	15.03942
62.7	15.04077
62.8	15.04212
62.9	15.04347
63	15.04481
63.1	15.04615
63.2	15.04749
63.3	15.04883
63.4	15.05017
63.5	15.0515
63.6	15.05283
63.7	15.05416
63.8	15.05549
63.9	15.05682
64	15.05814
64.1	15.05947
64.2	15.06079
64.3	15.06211
64.4	15.06342
64.5	15.06474
64.6	15.06605
64.7	15.06736
64.8	15.06867
64.9	15.06998
65	15.07128
65.1	15.07259
65.2	15.07389
65.3	15.07519
65.4	15.07649
65.5	15.07778
65.6	15.02908
65.7	15.02358
65.8	15.01808
65.9	15.01258
66	15.00708
66.1	15.00158
66.2	14.99608
66.3	14.99058
66.4	14.98508
66.5	14.97958
66.6	14.97408
66.7	14.96858
66.8	14.96308
66.9	14.95758
67	14.95208
67.1	14.94658
67.2	14.94108
67.3	14.93558
67.4	14.93008
67.5	14.92458
67.6	14.91908
67.7	14.91358
67.8	14.90258
67.9	14.89708
68	14.89158
68.1	14.88608
68.2	14.88058
68.3	14.87508
68.4	14.86958
68.5	14.86408
68.6	14.85858
68.7	14.85308
68.8	14.84758
68.9	14.84208
69	14.83658
69.1	14.83108
69.2	14.82558
69.3	14.82008
69.4	14.81458
69.5	14.80908
69.6	14.80359
69.7	14.79809
69.8	14.79259
69.9	14.78709
70	14.78159
70.1	14.77609
70.2	14.77059
70.3	14.76509
70.4	14.75959
70.5	14.75409
70.6	14.74859
70.7	14.74309
70.8	14.73759
70.9	14.73209
71	14.72659
71.1	14.72109
71.2	14.71559
71.3	14.71009
71.4	14.70459
71.5	14.69909
71.6	14.69359
71.7	14.68809
71.8	14.68259
71.9	14.67709
72	14.67159
72.1	14.66609
72.2	14.66059
72.3	14.65509
72.4	14.64959
72.5	14.64409
72.6	14.63859
72.7	14.63309
72.8	14.62759
72.9	14.62209
73	14.61659
73.1	14.61109
73.2	14.60559
73.3	14.60009
73.4	14.59459
73.5	14.58909
73.6	14.58359
73.7	14.57809
73.8	14.57259
73.9	14.56709
74	14.56159
74.1	14.55609
74.2	14.55059
74.3	14.54509
74.4	14.53959
74.5	14.53409
74.6	14.52859
74.7	14.52309
74.8	14.51759
74.9	14.51209
75	14.50659
75.1	14.50109
75.2	14.49559
75.3	14.49009
75.4	14.48459
75.5	14.47909
75.6	14.47359
75.7	14.46809
75.8	14.46259
75.9	14.4571
76	14.4516
76.1	14.4461
76.2	14.4406
76.3	14.4351
76.4	14.4296
76.5	14.4241
76.6	14.4186
76.7	14.4131
76.8	14.4076
76.9	14.4021
77	14.3966
77.1	14.3911
77.2	14.3856
77.3	14.3801
77.4	14.3746
77.5	14.3691
77.6	14.3636
77.7	14.3581
77.8	14.3526
77.9	14.3471
78	14.3416
78.1	14.3361
78.2	14.3306
78.3	14.3251
78.4	14.3196
78.5	14.3141
78.6	14.3086
78.7	14.3031
78.8	14.2976
78.9	14.2921
79	14.2866
79.1	14.2811
79.2	14.2756
79.3	14.2701
79.4	14.2646
79.5	14.2591
79.6	14.2536
79.7	14.2481
79.8	14.2426
79.9	14.2371
80	14.2316
80.1	14.2261
80.2	14.2206
80.3	14.2151
80.4	14.2096
80.5	14.2041
80.6	14.1986
80.7	14.1931
80.8	14.1876
80.9	14.1821
81	14.1766
81.1	14.1711
81.2	14.1656
81.3	14.1601
81.4	14.1546
81.5	14.1491
81.6	14.1436
81.7	14.1381
81.8	14.1326
81.9	14.1271
82	14.1216
82.1	14.11611
82.2	14.11061
82.3	14.10511
82.4	14.09961
82.5	14.13411
82.6	14.16861
82.7	14.20311
82.8	14.23761
82.9	14.27211
83	14.30661
83.1	14.34111
83.2	14.37561
83.3	14.41011
83.4	14.44461
83.5	14.47911
83.6	14.51361
83.7	14.54811
83.8	14.58261
83.9	14.61711
84	14.65161
84.1	14.68611
84.2	14.72061
84.3	14.75511
84.4	14.78961
84.5	14.82411
84.6	14.85861
84.7	14.89311
84.8	14.92761
84.9	14.91912
85	14.95362
85.1	14.94509
85.2	14.97959
85.3	14.97103
85.4	15.00553
85.5	14.99693
85.6	15.03143
85.7	15.02279
85.8	15.01416
85.9	15.00554
86	15.04004
86.1	15.03139
86.2	15.02275
86.3	15.01413
86.4	15.00551
86.5	15.04001
86.6	15.03136
86.7	15.02272
86.8	15.0141
86.9	15.00548
87	15.03998
87.1	15.03133
87.2	15.02269
87.3	15.01407
87.4	15.00546
87.5	15.03996
87.6	15.0313
87.7	15.01404
87.8	15.00543
87.9	15.03993
88	15.03128
88.1	15.02264
88.2	15.01401
88.3	15.0054
88.4	15.0399
88.5	15.03125
88.6	15.02261
88.7	15.01398
88.8	15.04848
88.9	15.03982
89	15.03117
89.1	15.02253
89.2	15.0139
89.3	15.0484
89.4	15.03974
89.5	15.03109
89.6	15.02245
89.7	15.01383
89.8	15.04833
89.9	15.03966
90	15.03101
90.1	15.02237
90.2	15.01375
90.3	15.04825
90.4	15.03959
90.5	15.03093
90.6	15.0223
90.7	15.01367
90.8	15.04817
90.9	15.03951
91	15.03086
91.1	15.02222
91.2	15.01359
91.3	15.04809
91.4	15.03943
91.5	15.03078
91.6	15.02214
91.7	15.01351
91.8	15.04801
91.9	15.03935
92	15.0307
92.1	15.02206
92.2	15.01344
92.3	15.04794
92.4	15.03928
92.5	15.03063
92.6	15.02199
92.7	15.01336
92.8	15.04786
92.9	15.0392
93	15.03055
93.1	15.02191
93.2	15.01329
93.3	15.04779
93.4	15.03913
93.5	15.03048
93.6	15.02184
93.7	15.01322
93.8	15.04772
93.9	15.03905
94	15.0304
94.1	15.02177
94.2	15.01314
94.3	15.04764
94.4	15.03898
94.5	15.03033
94.6	15.02169
94.7	15.01307
94.8	15.04757
94.9	15.0389
95	15.03025
95.1	15.02162
95.2	15.01299
95.3	15.04749
95.4	15.03883
95.5	15.03018
95.6	15.02154
95.7	15.01292
95.8	15.04742
95.9	15.03876
96	15.03011
96.1	15.02147
96.2	15.01284
96.3	15.04734
96.4	15.03868
96.5	15.03003
96.6	15.0214
96.7	15.01277
96.8	15.04727
96.9	15.03861
97	15.02996
97.1	15.02133
97.2	15.0127
97.3	15.0472
97.4	15.03854
97.5	15.02989
97.6	15.02125
97.7	15.01263
97.8	15.04713
97.9	15.03847
98	15.02982
98.1	15.02118
98.2	15.01256
98.3	15.04706
98.4	15.0384
98.5	15.02975
98.6	15.02111
98.7	15.01249
98.8	15.04699
98.9	15.03833
99	15.02968
99.1	15.02104
99.2	15.01242
99.3	15.04692
99.4	15.03826
99.5	15.02961
99.6	15.02097
99.7	15.01235
99.8	15.04685
99.9	15.03819
100	15.02954
100.1	15.0209
100.2	15.01228
100.3	15.04678
100.4	15.03812
100.5	15.02947
100.6	15.02083
100.7	15.01221
100.8	15.04671
100.9	15.03805
101	15.0294
101.1	15.02076
101.2	15.01214
101.3	15.04664
101.4	15.03798
101.5	15.02933
101.6	15.02069
101.7	15.01207
101.8	15.04657
101.9	15.03791
102	15.02926
102.1	15.02063
102.2	15.012
102.3	15.0465
102.4	15.03784
102.5	15.02919
102.6	15.02056
102.7	15.01194
102.8	15.04644
102.9	15.03778
103	15.02913
103.1	15.02049
103.2	15.01187
103.3	15.04637
103.4	15.03771
103.5	15.02906
103.6	15.02043
103.7	15.0118
103.8	15.0463
103.9	15.03764
104	15.02899
104.1	15.02036
104.2	15.01174
104.3	15.04624
104.4	15.03758
104.5	15.02893
104.6	15.02029
104.7	15.01167
104.8	15.04617
104.9	15.03751
105	15.02886
105.1	15.02023
105.2	15.0116
105.3	15.0461
105.4	15.03744
105.5	15.02879
105.6	15.02016
105.7	15.01154
105.8	15.04604
105.9	15.03738
106	15.02873
106.1	15.02009
106.2	15.01147
106.3	15.04597
106.4	15.03731
106.5	15.02866
106.6	15.02003
106.7	15.01141
106.8	15.04591
106.9	15.03725
107	15.0286
107.1	15.01997
107.2	15.01134
107.3	15.04584
107.4	15.03718
107.5	15.02854
107.6	15.01128
107.7	15.04578
107.8	15.03712
107.9	15.02847
108	15.01984
108.1	15.01122
108.2	15.00261
108.3	14.99401
108.4	14.98542
108.5	14.97685
108.6	14.96829
108.7	14.95974
108.8	14.95121
108.9	14.94268
109	14.93417
109.1	14.92567
109.2	14.91719
109.3	14.90871
109.4	14.90025
109.5	14.8918
109.6	14.88336
109.7	14.87494
109.8	14.86652
109.9	14.85812
110	14.84973
110.1	14.84135
110.2	14.83299
110.3	14.82463
110.4	14.81629
110.5	14.80796
110.6	14.79965
110.7	14.79134
110.8	14.78305
110.9	14.77477
111	14.7665
111.1	14.75824
111.2	14.75
111.3	14.74176
111.4	14.73354
111.5	14.72533
111.6	14.71714
111.7	14.70895
111.8	14.70078
111.9	14.69261
112	14.68446
112.1	14.67633
112.2	14.6682
112.3	14.66009
112.4	14.65198
112.5	14.64389
112.6	14.63581
112.7	14.62775
112.8	14.61969
112.9	14.61165
113	14.60361
113.1	14.59559
113.2	14.58758
113.3	14.57959
113.4	14.5716
113.5	14.56363
113.6	14.55567
113.7	14.54771
113.8	14.53977
113.9	14.53185
114	14.52393
114.1	14.51603
114.2	14.50813
114.3	14.50025
114.4	14.49238
114.5	14.48452
114.6	14.47668
114.7	14.46884
114.8	14.46102
114.9	14.45321
115	14.44541
115.1	14.43762
115.2	14.42984
115.3	14.42207
115.4	14.41432
115.5	14.40657
115.6	14.39884
115.7	14.39112
115.8	14.38341
115.9	14.37571
116	14.36802
116.1	14.36034
116.2	14.35268
116.3	14.34503
116.4	14.33738
116.5	14.32975
116.6	14.32213
116.7	14.31452
116.8	14.30693
116.9	14.29934
117	14.29176
117.1	14.2842
117.2	14.27665
117.3	14.2691
117.4	14.26157
117.5	14.25405
117.6	14.24655
117.7	14.23905
117.8	14.23156
117.9	14.22409
118	14.21662
118.1	14.20917
118.2	14.20173
118.3	14.19429
118.4	14.18687
118.5	14.17947
118.6	14.17207
118.7	14.16468
118.8	14.1573
118.9	14.14994
119	14.14258
119.1	14.13524
119.2	14.1279
119.3	14.12058
119.4	14.11327
119.5	14.10597
119.6	14.09868
119.7	14.0914
119.8	14.08413
119.9	14.07688
120	14.06963
120.1	14.06239
120.2	14.05517
120.3	14.04795
120.4	14.04075
120.5	14.03356
120.6	14.02637
120.7	14.0192
120.8	14.01204
120.9	14.00489
121	13.99775
121.1	13.99062
121.2	13.9835
121.3	13.97639
121.4	13.9693
121.5	13.96221
121.6	13.95513
121.7	13.94807
121.8	13.94101
121.9	13.93397
122	13.92693
122.1	13.91991
122.2	13.9129
122.3	13.90589
122.4	13.8989
122.5	13.89192
122.6	13.88495
122.7	13.87799
122.8	13.87104
122.9	13.8641
123	13.85717
123.1	13.85025
123.2	13.84334
123.3	13.83644
123.4	13.82955
123.5	13.82267
123.6	13.8158
123.7	13.80895
123.8	13.8021
123.9	13.79526
124	13.78843
124.1	13.78162
124.2	13.77481
124.3	13.71301
124.4	13.65131
124.5	13.5897
124.6	13.52818
124.7	13.46676
124.8	13.40543
124.9	13.34419
125	13.28304
125.1	13.22199
125.2	13.16103
125.3	13.10016
125.4	13.03939
125.5	12.97871
125.6	12.91813
125.7	12.85764
125.8	12.79724
125.9	12.73693
126	12.67672
126.1	12.61661
126.2	12.55659
126.3	12.49666
126.4	12.43682
126.5	12.37709
126.6	12.31744
126.7	12.25789
126.8	12.19843
126.9	12.13907
127	12.07981
127.1	12.02063
127.2	11.96156
127.3	11.90257
127.4	11.84369
127.5	11.7262
127.6	11.66759
127.7	11.60909
127.8	11.55067
127.9	11.49236
128	11.43414
128.1	11.37601
128.2	11.31798
128.3	11.26005
128.4	11.20222
128.5	11.14447
128.6	11.08683
128.7	11.02928
128.8	10.97183
128.9	10.91447
129	10.85721
129.1	10.80005
129.2	10.74298
129.3	10.68601
129.4	10.62914
129.5	10.57237
129.6	10.51569
129.7	10.45911
129.8	10.40262
129.9	10.34623
130	10.28994
130.1	10.23375
130.2	10.17766
130.3	10.12166
130.4	10.10116
130.5	10.0453
130.6	10.0248
130.7	10.0043
130.8	9.983796
130.9	9.963296
131	9.942796
131.1	9.922296
131.2	9.901795
131.3	9.881295
131.4	9.860795
131.5	9.840295
131.6	9.819795
131.7	9.799294
131.8	9.778794
131.9	9.758294
132	9.737794
132.1	9.717294
132.2	9.696794
132.3	9.676293
132.4	9.655793
132.5	9.635293
132.6	9.614793
132.7	9.594293
132.8	9.573792
132.9	9.553292
133	9.532792
133.1	9.512292
133.2	9.491792
133.3	9.471292
133.4	9.450791
133.5	9.430291
133.6	9.409791
133.7	9.389291
133.8	9.368791
133.9	9.34829
134	9.32779
134.1	9.30729
134.2	9.28679
134.3	9.26629
134.4	9.24579
134.5	9.225289
134.6	9.204789
134.7	9.184289
134.8	9.163789
134.9	9.143289
135	9.122788
135.1	9.102288
135.2	9.081788
135.3	9.061288
135.4	9.040788
135.5	9.020288
135.6	8.999787
135.7	8.979287
135.8	8.958787
135.9	8.938287
136	8.917787
136.1	8.897286
136.2	8.876786
136.3	8.856286
136.4	8.835786
136.5	8.815286
136.6	8.794785
136.7	8.774285
136.8	8.753785
136.9	8.733285
137	8.712785
137.1	8.692285
137.2	8.671784
137.3	8.651284
137.4	8.630784
137.5	8.610284
137.6	8.589784
137.7	8.569283
137.8	8.548783
137.9	8.528283
138	8.507783
138.1	8.487283
138.2	8.466783
138.3	8.446282
138.4	8.425782
138.5	8.405282
138.6	8.384782
138.7	8.364282
138.8	8.343781
138.9	8.323281
139	8.302781
139.1	8.282281
139.2	8.261781
139.3	8.241281
139.4	8.22078
139.5	8.20028
139.6	8.17978
139.7	8.15928
139.8	8.13878
139.9	8.118279
140	8.097779
140.1	8.077279
140.2	8.056779
140.3	8.036279
140.4	8.015779
140.5	7.995278
140.6	7.974778
140.7	7.954278
140.8	7.933778
140.9	7.913278
141	7.892777
141.1	7.872277
141.2	7.851777
141.3	7.831277
141.4	7.810777
141.5	7.790277
141.6	7.769776
141.7	7.749276
141.8	7.728776
141.9	7.708276
142	7.687776
142.1	7.667275
142.2	7.646775
142.3	7.626275
142.4	7.605775
142.5	7.585275
142.6	7.564775
142.7	7.544274
142.8	7.523774
142.9	7.503274
143	7.482774
143.1	7.462274
143.2	7.441773
143.3	7.421273
143.4	7.400773
143.5	7.380273
143.6	7.359773
143.7	7.339272
143.8	7.318772
143.9	7.298272
144	7.277772
144.1	7.257272
144.2	7.236772
144.3	7.216271
144.4	7.195771
144.5	7.175271
144.6	7.154771
144.7	7.134271
144.8	7.11377
144.9	7.09327
145	7.07277
145.1	7.05227
145.2	7.03177
145.3	7.01127
145.4	6.990769
145.5	6.970269
145.6	6.949769
145.7	6.929269
145.8	6.908769
145.9	6.888268
146	6.867768
146.1	6.847268
146.2	6.826768
146.3	6.806268
146.4	6.785768
146.5	6.765267
146.6	6.744767
146.7	6.724267
146.8	6.703767
146.9	6.683267
147	6.662766
147.1	6.642266
147.2	6.621766
147.3	6.601266
147.4	6.560266
147.5	6.539765
147.6	6.519265
147.7	6.498765
147.8	6.478265
147.9	6.457765
148	6.437264
148.1	6.416764
148.2	6.396264
148.3	6.375764
148.4	6.355264
148.5	6.334764
148.6	6.314263
148.7	6.293763
148.8	6.273263
148.9	6.252763
149	6.232263
149.1	6.211762
149.2	6.191262
149.3	6.170762
149.4	6.150262
149.5	6.129762
149.6	6.109262
149.7	6.088761
149.8	6.068261
149.9	6.047761
150	6.027261
150.1	6.006761
150.2	5.98626
150.3	5.96576
150.4	5.94526
150.5	5.92476
150.6	5.90426
150.7	5.883759
150.8	5.863259
150.9	5.842759
151	5.822259
151.1	5.801759
151.2	5.781259
151.3	5.760758
151.4	5.740258
151.5	5.719758
151.6	5.699258
151.7	5.678758
151.8	5.658257
151.9	5.637757
152	5.617257
152.1	5.596757
152.2	5.576257
152.3	5.555757
152.4	5.535256
152.5	5.514756
152.6	5.494256
152.7	5.473756
152.8	5.453256
152.9	5.432755
153	5.412255
153.1	5.391755
153.2	5.371255
153.3	5.350755
153.4	5.330255
153.5	5.309754
153.6	5.289254
153.7	5.268754
153.8	5.248254
153.9	5.227754
154	5.207253
154.1	5.186753
154.2	5.166253
154.3	5.145753
154.4	5.125253
154.5	5.104753
154.6	5.084252
154.7	5.063752
154.8	5.043252
154.9	5.022752
155	5.002252
155.1	4.981751
155.2	4.961251
155.3	4.940751
155.4	4.920251
155.5	4.899751
155.6	4.879251
155.7	4.85875
155.8	4.83825
155.9	4.81775
156	4.79725
156.1	4.77675
156.2	4.756249
156.3	4.735749
156.4	4.715249
156.5	4.694749
156.6	4.674249
156.7	4.653749
156.8	4.633248
156.9	4.612748
157	4.592248
157.1	4.571748
157.2	4.551248
157.3	4.530747
157.4	4.510247
157.5	4.489747
157.6	4.469247
157.7	4.448747
157.8	4.428246
157.9	4.407746
158	4.387246
158.1	4.366746
158.2	4.346246
158.3	4.325746
158.4	4.305245
158.5	4.284745
158.6	4.264245
158.7	4.243745
158.8	4.223245
158.9	4.202744
159	4.182244
159.1	4.161744
159.2	4.141244
159.3	4.120744
159.4	4.100244
159.5	4.079743
159.6	4.059243
159.7	4.038743
159.8	4.018243
159.9	3.997743
160	3.977243
160.1	3.956743
160.2	3.936243
160.3	3.915743
160.4	3.895243
160.5	3.874743
160.6	3.854243
160.7	3.833743
160.8	3.813243
160.9	3.792743
161	3.772243
161.1	3.751744
161.2	3.731244
161.3	3.710744
161.4	3.690244
161.5	3.669744
161.6	3.649244
161.7	3.628744
161.8	3.608244
161.9	3.587744
162	3.567244
162.1	3.546744
162.2	3.561244
162.3	3.575744
162.4	3.590244
162.5	3.604744
162.6	3.619244
162.7	3.633744
162.8	3.648243
162.9	3.662743
163	3.677243
163.1	3.691743
163.2	3.706243
163.3	3.720743
163.4	3.735243
163.5	3.749743
163.6	3.764243
163.7	3.778743
163.8	3.793242
163.9	3.807742
164	3.822242
164.1	3.836742
164.2	3.851242
164.3	3.865742
164.4	3.880242
164.5	3.894742
164.6	3.909242
164.7	3.923742
164.8	3.938241
164.9	3.952741
165	3.967241
165.1	3.981741
165.2	3.996241
165.3	4.010741
165.4	4.025241
165.5	4.039742
165.6	4.054242
165.7	4.068742
165.8	4.083242
165.9	4.097742
166	4.112242
166.1	4.126742
166.2	4.141243
166.3	4.155743
166.4	4.170243
166.5	4.184743
166.6	4.199243
166.7	4.213743
166.8	4.228243
166.9	4.242743
167	4.257244
167.1	4.271744
167.2	4.286244
167.3	4.315244
167.4	4.329744
167.5	4.344244
167.6	4.358745
167.7	4.373245
167.8	4.387745
167.9	4.402245
168	4.416745
168.1	4.431245
168.2	4.445745
168.3	4.460246
168.4	4.474746
168.5	4.489246
168.6	4.503746
168.7	4.518246
168.8	4.532746
168.9	4.547246
169	4.561747
169.1	4.576247
169.2	4.590747
169.3	4.605247
169.4	4.619747
169.5	4.634247
169.6	4.648747
169.7	4.663248
169.8	4.677748
169.9	4.692248
170	4.706748
170.1	4.721248
170.2	4.735748
170.3	4.750248
170.4	4.764749
170.5	4.779249
170.6	4.793749
170.7	4.808249
170.8	4.822749
170.9	4.837249
171	4.851749
171.1	4.86625
171.2	4.88075
171.3	4.89525
171.4	4.90975
171.5	4.92425
171.6	4.93875
171.7	4.95325
171.8	4.967751
171.9	4.982251
172	4.996751
172.1	5.011251
172.2	5.025751
172.3	5.040251
172.4	5.054751
172.5	5.069252
172.6	5.083752
172.7	5.098252
172.8	5.112752
172.9	5.127252
173	5.141752
173.1	5.156252
173.2	5.170753
173.3	5.185253
173.4	5.199753
173.5	5.214253
173.6	5.228753
173.7	5.243253
173.8	5.257753
173.9	5.272254
174	5.286754
174.1	5.301254
174.2	5.315754
174.3	5.330254
174.4	5.344754
174.5	5.359254
174.6	5.373755
174.7	5.388255
174.8	5.402755
174.9	5.417255
175	5.431755
175.1	5.446255
175.2	5.460755
175.3	5.475255
175.4	5.489756
175.5	5.504256
175.6	5.518756
175.7	5.533256
175.8	5.547756
175.9	5.562256
176	5.576756
176.1	5.591257
176.2	5.605757
176.3	5.620257
176.4	5.634757
176.5	5.649257
176.6	5.663757
176.7	5.678257
176.8	5.692758
176.9	5.707258
177	5.721758
177.1	5.736258
177.2	5.750758
177.3	5.765258
177.4	5.779758
177.5	5.794259
177.6	5.808759
177.7	5.823259
177.8	5.837759
177.9	5.852259
178	5.866759
178.1	5.881259
178.2	5.89576
178.3	5.91026
178.4	5.92476
178.5	5.93926
178.6	5.95376
178.7	5.96826
178.8	5.98276
178.9	5.997261
179	6.011761
179.1	6.026261
179.2	6.040761
179.3	6.055261
179.4	6.069761
179.5	6.084261
179.6	6.098762
179.7	6.113262
179.8	6.127762
179.9	6.142262
180	6.156762
180.1	6.171262
180.2	6.185762
180.3	6.200263
180.4	6.214763
180.5	6.229263
180.6	6.243763
180.7	6.258263
180.8	6.272763
180.9	6.287263
181	6.301764
181.1	6.316264
181.2	6.330764
181.3	6.345264
181.4	6.359764
181.5	6.374264
181.6	6.388764
181.7	6.403265
181.8	6.417765
181.9	6.432265
182	6.446765
182.1	6.461265
182.2	6.475765
182.3	6.490265
182.4	6.504766
182.5	6.519266
182.6	6.533766
182.7	6.548266
182.8	6.562766
182.9	6.577266
183	6.591766
183.1	6.606266
183.2	6.620767
183.3	6.635267
183.4	6.649767
183.5	6.664267
183.6	6.678767
183.7	6.693267
183.8	6.707767
183.9	6.722268
184	6.736768
184.1	6.751268
184.2	6.765768
184.3	6.780268
184.4	6.794768
184.5	6.809268
184.6	6.823769
184.7	6.838269
184.8	6.852769
184.9	6.867269
185	6.881769
185.1	6.896269
185.2	6.910769
185.3	6.92527
185.4	6.93977
185.5	6.95427
185.6	6.96877
185.7	6.98327
185.8	6.99777
185.9	7.01227
186	7.026771
186.1	7.041271
186.2	7.055771
186.3	7.070271
186.4	7.084771
186.5	7.099271
186.6	7.113771
186.7	7.128272
186.8	7.142772
186.9	7.157272
187	7.171772
187.1	7.186272
187.2	7.215272
187.3	7.229773
187.4	7.244273
187.5	7.258773
187.6	7.273273
187.7	7.287773
187.8	7.302273
187.9	7.316773
188	7.331274
188.1	7.345774
188.2	7.360274
188.3	7.374774
188.4	7.389274
188.5	7.403774
188.6	7.418274
188.7	7.432775
188.8	7.447275
188.9	7.461775
189	7.476275
189.1	7.490775
189.2	7.505275
189.3	7.519775
189.4	7.534276
189.5	7.548776
189.6	7.563276
189.7	7.577776
189.8	7.592276
189.9	7.606776
190	7.621276
190.1	7.635777
190.2	7.650277
190.3	7.664777
190.4	7.679277
190.5	7.693777
190.6	7.708277
190.7	7.722777
190.8	7.737278
190.9	7.751778
191	7.766278
191.1	7.780778
191.2	7.795278
191.3	7.809778
191.4	7.824278
191.5	7.838778
191.6	7.853279
191.7	7.867779
191.8	7.882279
191.9	7.896779
192	7.911279
192.1	7.925779
192.2	7.940279
192.3	7.95478
192.4	7.96928
192.5	7.98378
192.6	7.99828
192.7	8.01278
192.8	8.02728
192.9	8.04178
193	8.056279
193.1	8.070779
193.2	8.085279
193.3	8.099778
193.4	8.114278
193.5	8.128778
193.6	8.143277
193.7	8.157777
193.8	8.172276
193.9	8.186776
194	8.201276
194.1	8.215775
194.2	8.230275
194.3	8.244775
194.4	8.259274
194.5	8.273774
194.6	8.288274
194.7	8.302773
194.8	8.317273
194.9	8.331773
195	8.346272
195.1	8.360772
195.2	8.375272
195.3	8.389771
195.4	8.404271
195.5	8.418771
195.6	8.43327
195.7	8.44777
195.8	8.46227
195.9	8.476769
196	8.491269
196.1	8.505769
196.2	8.520268
196.3	8.534768
196.4	8.549268
196.5	8.563767
196.6	8.578267
196.7	8.592767
196.8	8.607266
196.9	8.621766
197	8.636266
197.1	8.650765
197.2	8.665265
197.3	8.679765
197.4	8.694264
197.5	8.708764
197.6	8.723264
197.7	8.737763
197.8	8.752263
197.9	8.766763
198	8.781262
198.1	8.795762
198.2	8.810262
198.3	8.824761
198.4	8.839261
198.5	8.853761
198.6	8.86826
198.7	8.88276
198.8	8.89726
198.9	8.911759
199	8.926259
199.1	8.940759
199.2	8.955258
199.3	8.969758
199.4	8.984258
199.5	8.998757
199.6	9.013257
199.7	9.027757
199.8	9.042256
199.9	9.056756
200	9.071256
200.1	9.085755
200.2	9.100255
200.3	9.114755
200.4	9.129254
200.5	9.143754
200.6	9.158254
200.7	9.172753
200.8	9.187253
200.9	9.201753
201	9.216252
201.1	9.230752
201.2	9.245252
201.3	9.259751
201.4	9.274251
201.5	9.288751
201.6	9.30325
201.7	9.31775
201.8	9.33225
201.9	9.346749
202	9.361249
202.1	9.375749
202.2	9.390248
202.3	9.404748
202.4	9.419248
202.5	9.433747
202.6	9.448247
202.7	9.462747
202.8	9.477246
202.9	9.491746
203	9.506246
203.1	9.520745
203.2	9.535245
203.3	9.549745
203.4	9.564244
203.5	9.578744
203.6	9.593244
203.7	9.607743
203.8	9.622243
203.9	9.636743
204	9.651242
204.1	9.665742
204.2	9.680242
204.3	9.694741
204.4	9.709241
204.5	9.723741
204.6	9.73824
204.7	9.75274
204.8	9.76724
204.9	9.781739
205	9.796239
205.1	9.810739
205.2	9.825238
205.3	9.839738
205.4	9.854238
205.5	9.868737
205.6	9.883237
205.7	9.897737
205.8	9.912236
205.9	9.926736
206	9.941236
206.1	9.955735
206.2	9.970235
206.3	9.984735
206.4	9.999234
206.5	10.01373
206.6	10.02823
206.7	10.04273
206.8	10.05723
206.9	10.07173
207	10.08623
207.1	10.11523
