1 0
2 0
3 0
4 0
5 0
6 0
7 0.14282
8 0.27808
9 0.40618
10 0.5275
11 0.64239
12 0.75121
13 0.85426
14 0.95186
15 1.0443
16 1.1318
17 1.2147
18 1.2932
19 1.3676
20 1.438
21 1.5047
22 1.5679
23 1.6277
24 1.6844
25 1.738
26 1.7888
27 1.837
28 1.8825
29 1.9257
30 1.9666
31 2.0053
32 2.042
33 2.0767
34 2.1096
35 2.1407
36 2.1702
37 2.1982
38 2.2246
39 2.2497
40 2.2734
41 2.2959
42 2.3172
43 2.3373
44 2.3564
45 2.3745
46 2.3916
47 2.4078
48 2.4232
49 2.4377
50 2.4515
51 2.4646
52 2.4769
53 2.4886
54 2.4997
55 2.5102
56 2.5201
57 2.5295
58 2.5385
59 2.5469
60 2.5549
61 2.5625
62 2.5696
63 2.5764
64 2.5829
65 2.589
66 2.5947
67 2.6002
68 2.6054
69 2.6103
70 2.6149
71 2.6193
72 2.6235
73 2.6274
74 2.6311
75 2.6347
76 2.638
77 2.6412
78 2.6442
79 2.6471
80 2.6497
81 2.6523
82 2.6547
83 2.657
84 2.6592
85 2.6612
86 2.6632
87 2.665
88 2.6668
89 2.6684
90 2.67
91 2.6715
92 2.6729
93 2.6742
94 2.6754
95 2.6766
96 2.6778
97 2.6788
98 2.6798
99 2.6808
100 2.6817
101 2.6826
102 2.6834
103 2.6842
104 2.6849
105 2.6856
106 2.6862
107 2.6869
108 2.6874
109 2.688
110 2.6885
111 2.689
112 2.6895
113 2.6899
114 2.6904
115 2.6908
116 2.6912
117 2.6915
118 2.6919
119 2.6922
120 2.6925
121 2.6928
122 2.693
123 2.6933
124 2.6936
125 2.6938
126 2.694
127 2.6942
128 2.6944
129 2.6946
130 2.6948
131 2.6949
132 2.6951
133 2.6953
134 2.6954
135 2.6955
136 2.6957
137 2.6958
138 2.6959
139 2.696
140 2.6961
141 2.6962
142 2.6963
143 2.6964
144 2.6965
145 2.6966
146 2.6966
147 2.6967
148 2.6968
149 2.6968
150 2.6969
151 2.6969
152 2.697
153 2.697
154 2.6971
155 2.6971
156 2.6972
157 2.6972
158 2.6973
159 2.6973
160 2.6973
161 2.6974
162 2.6974
163 2.6974
164 2.6975
165 2.6975
166 2.6975
167 2.6975
168 2.6976
169 2.6976
170 2.6976
171 2.6976
172 2.6976
173 2.6976
174 2.6977
175 2.6977
176 2.6977
177 2.6977
178 2.6977
179 2.6977
180 2.6977
181 2.6978
182 2.6978
183 2.6978
184 2.6978
185 2.6978
186 2.6978
187 2.6978
188 2.6978
189 2.6978
190 2.6978
