0 137.8
1 137.75
2 137.96
3 138.37
4 138.94
5 139.64
6 140.44
7 141.31
8 142.24
9 143.19
10 144.17
11 145.16
12 146.14
13 147.11
14 148.07
15 149.01
16 149.92
17 150.8
18 151.66
19 152.48
20 153.27
21 154.02
22 154.75
23 155.44
24 156.09
25 156.72
26 157.32
27 157.88
28 158.41
29 158.92
30 159.4
31 159.86
32 160.28
33 160.69
34 161.07
35 161.43
36 161.77
37 162.09
38 162.39
39 162.68
40 162.95
41 163.2
42 163.43
43 163.66
44 163.87
45 164.06
46 164.25
47 164.42
48 164.58
49 164.74
50 164.88
51 165.02
52 165.15
53 165.26
54 165.38
55 165.48
56 165.58
57 165.67
58 165.76
59 165.84
60 165.92
61 165.99
62 166.06
63 166.12
64 166.18
65 166.24
66 166.29
67 166.34
68 166.38
69 166.43
70 166.47
71 166.51
72 166.54
73 166.57
74 166.61
75 166.63
76 166.66
77 166.69
78 166.71
79 166.74
80 166.76
81 166.78
82 166.8
83 166.81
84 166.83
85 166.84
86 166.86
87 166.87
88 166.89
89 166.9
90 166.91
91 166.92
92 166.93
93 166.94
94 166.95
95 166.96
96 166.96
97 166.97
98 166.98
99 166.98
