0 137.85
1 137.68
2 137.51
3 137.4
4 137.35
5 137.34
6 137.38
7 137.46
8 137.57
9 137.71
10 137.87
11 138.05
12 138.24
13 138.45
14 138.67
15 138.9
16 139.14
17 139.38
18 139.62
19 139.86
20 140.11
21 140.35
22 140.59
23 140.83
24 141.06
25 141.29
26 141.52
27 141.74
28 141.96
29 142.17
30 142.37
31 142.57
32 142.77
33 142.95
34 143.13
35 143.31
36 143.48
37 143.64
38 143.8
39 143.95
40 144.09
41 144.23
42 144.37
43 144.5
44 144.62
45 144.74
46 144.85
47 144.96
48 145.06
49 145.16
50 145.25
51 145.34
52 145.43
53 145.51
54 145.59
55 145.67
56 145.74
57 145.81
58 145.87
59 145.93
60 145.99
61 146.05
62 146.1
63 146.15
64 146.2
65 146.24
66 146.29
67 146.33
68 146.37
69 146.4
70 146.44
71 146.47
72 146.5
73 146.53
74 146.56
75 146.59
76 146.61
77 146.64
78 146.66
79 146.68
80 146.7
81 146.72
82 146.74
83 146.76
84 146.77
85 146.79
86 146.81
87 146.82
88 146.83
89 146.85
90 146.86
91 146.87
92 146.88
93 146.89
94 146.9
95 146.91
96 146.92
97 146.92
98 146.93
99 146.94
