0 147.88
1 147.76
2 147.79
3 148.09
4 148.62
5 149.31
6 150.12
7 151.02
8 151.99
9 152.99
10 154.01
11 155.04
12 156.07
13 157.08
14 158.07
15 159.04
16 159.97
17 160.87
18 161.74
19 162.57
20 163.37
21 164.13
22 164.86
23 165.54
24 166.2
25 166.82
26 167.41
27 167.97
28 168.5
29 169
30 169.47
31 169.92
32 170.34
33 170.74
34 171.12
35 171.47
36 171.81
37 172.12
38 172.42
39 172.7
40 172.96
41 173.21
42 173.45
43 173.67
44 173.88
45 174.07
46 174.26
47 174.43
48 174.59
49 174.75
50 174.89
51 175.03
52 175.16
53 175.28
54 175.39
55 175.5
56 175.6
57 175.69
58 175.78
59 175.87
60 175.95
61 176.02
62 176.09
63 176.16
64 176.22
65 176.28
66 176.33
67 176.38
68 176.43
69 176.48
70 176.52
71 176.56
72 176.6
73 176.64
74 176.67
75 176.7
76 176.73
77 176.76
78 176.79
79 176.81
80 176.84
81 176.86
82 176.88
83 176.9
84 176.92
85 176.93
86 176.95
87 176.97
88 176.98
89 176.99
90 177.01
91 177.02
92 177.03
93 177.04
94 177.05
95 177.06
96 177.07
97 177.08
98 177.08
99 177.09
