0 0.000000
1 0.000000
2 0.000000
3 0.000000
4 0.000000
5 0.042410
6 0.083118
7 0.104400
8 0.114110
9 0.118320
10 0.120120
11 0.120880
12 0.121190
13 0.121330
14 0.121380
15 0.121410
16 0.121420
17 0.121420
18 0.121420
19 0.121420
20 0.121420
21 0.121430
22 0.121430
23 0.121430
24 0.121430
25 0.121430
26 0.121430
27 0.121430
28 0.121430
29 0.121430
30 0.121430
31 0.121430
32 0.121430
33 0.121430
34 0.121430
35 0.121430
36 0.121430
37 0.121430
38 0.121430
39 0.121430
40 0.121430
41 0.121430
42 0.121430
43 0.121430
44 0.121430
45 0.121430
46 0.121430
47 0.121430
48 0.121430
49 0.121430
50 0.121430
51 0.121430
52 0.121430
53 0.121430
54 0.121430
55 0.121430
56 0.121430
57 0.121430
58 0.121430
59 0.121430
60 0.121430
61 0.121430
62 0.121430
63 0.121430
64 0.121430
65 0.121430
66 0.121430
67 0.121430
68 0.121430
69 0.121430
70 0.121430
71 0.121430
72 0.121430
73 0.121430
74 0.121430
75 0.121430
76 0.121430
77 0.121430
78 0.121430
79 0.121430
80 0.121430
81 0.121430
82 0.121430
83 0.121430
84 0.121430
85 0.121430
86 0.121430
87 0.121430
88 0.121430
89 0.121430
90 0.121430
91 0.121430
92 0.121430
93 0.121430
94 0.121430
95 0.121430
96 0.121430
97 0.121430
98 0.121430
99 0.121430
100 0.121430
101 0.121430
102 0.121430
103 0.121430
104 0.121430
105 0.121430
106 0.121430
107 0.121430
108 0.121430
109 0.121430
110 0.121430
111 0.121430
112 0.121430
113 0.121430
114 0.121430
115 0.121430
116 0.121430
117 0.121430
118 0.121430
119 0.121430
120 0.121430
121 0.121430
122 0.121430
123 0.121430
124 0.121430
125 0.121430
126 0.121430
127 0.121430
128 0.121430
129 0.121430
130 0.121430
131 0.121430
132 0.121430
133 0.121430
134 0.121430
135 0.121430
136 0.121430
137 0.121430
138 0.121430
139 0.121430
140 0.121430
141 0.121430
142 0.121430
143 0.121430
144 0.121430
145 0.121430
146 0.121430
147 0.121430
148 0.121430
149 0.121430
150 0.121430
151 0.121430
152 0.121430
153 0.121430
154 0.121430
155 0.121430
156 0.121430
157 0.121430
158 0.121430
159 0.121430
160 0.121430
161 0.121430
162 0.121430
163 0.121430
164 0.121430
165 0.121430
166 0.121430
167 0.121430
168 0.121430
169 0.121430
170 0.121430
171 0.121430
172 0.121430
173 0.121430
174 0.121430
175 0.121430
176 0.121430
177 0.121430
178 0.121430
179 0.121430
180 0.121430
181 0.121430
182 0.121430
183 0.121430
184 0.121430
185 0.121430
186 0.121430
187 0.121430
188 0.121430
189 0.121430
190 0.121430
191 0.121430
192 0.121430
193 0.121430
194 0.121430
195 0.121430
196 0.121430
197 0.121430
198 0.121430
199 0.121430
