0 0.000000
1 0.000000
2 0.000000
3 0.000000
4 0.000000
5 0.029470
6 0.061516
7 0.079647
8 0.088079
9 0.091619
10 0.093007
11 0.093523
12 0.093707
13 0.093770
14 0.093791
15 0.093797
16 0.093799
17 0.093800
18 0.093800
19 0.093800
20 0.093800
21 0.093800
22 0.093800
23 0.093800
24 0.093800
25 0.093800
26 0.093800
27 0.093800
28 0.093800
29 0.093800
30 0.093800
31 0.093800
32 0.093800
33 0.093800
34 0.093800
35 0.093800
36 0.093800
37 0.093800
38 0.093800
39 0.093800
40 0.093800
41 0.093800
42 0.093800
43 0.093800
44 0.093800
45 0.093800
46 0.093800
47 0.093800
48 0.093800
49 0.093800
50 0.093800
51 0.093800
52 0.093800
53 0.093800
54 0.093800
55 0.093800
56 0.093800
57 0.093800
58 0.093800
59 0.093800
60 0.093800
61 0.093800
62 0.093800
63 0.093800
64 0.093800
65 0.093800
66 0.093800
67 0.093800
68 0.093800
69 0.093800
70 0.093800
71 0.093800
72 0.093800
73 0.093800
74 0.093800
75 0.093800
76 0.093800
77 0.093800
78 0.093800
79 0.093800
80 0.093800
81 0.093800
82 0.093800
83 0.093800
84 0.093800
85 0.093800
86 0.093800
87 0.093800
88 0.093800
89 0.093800
90 0.093800
91 0.093800
92 0.093800
93 0.093800
94 0.093800
95 0.093800
96 0.093800
97 0.093800
98 0.093800
99 0.093800
100 0.093800
101 0.093800
102 0.093800
103 0.093800
104 0.093800
105 0.093800
106 0.093800
107 0.093800
108 0.093800
109 0.093800
110 0.093800
111 0.093800
112 0.093800
113 0.093800
114 0.093800
115 0.093800
116 0.093800
117 0.093800
118 0.093800
119 0.093800
120 0.093800
121 0.093800
122 0.093800
123 0.093800
124 0.093800
125 0.093800
126 0.093800
127 0.093800
128 0.093800
129 0.093800
130 0.093800
131 0.093800
132 0.093800
133 0.093800
134 0.093800
135 0.093800
136 0.093800
137 0.093800
138 0.093800
139 0.093800
140 0.093800
141 0.093800
142 0.093800
143 0.093800
144 0.093800
145 0.093800
146 0.093800
147 0.093800
148 0.093800
149 0.093800
150 0.093800
151 0.093800
152 0.093800
153 0.093800
154 0.093800
155 0.093800
156 0.093800
157 0.093800
158 0.093800
159 0.093800
160 0.093800
161 0.093800
162 0.093800
163 0.093800
164 0.093800
165 0.093800
166 0.093800
167 0.093800
168 0.093800
169 0.093800
170 0.093800
171 0.093800
172 0.093800
173 0.093800
174 0.093800
175 0.093800
176 0.093800
177 0.093800
178 0.093800
179 0.093800
180 0.093800
181 0.093800
182 0.093800
183 0.093800
184 0.093800
185 0.093800
186 0.093800
187 0.093800
188 0.093800
189 0.093800
190 0.093800
191 0.093800
192 0.093800
193 0.093800
194 0.093800
195 0.093800
196 0.093800
197 0.093800
198 0.093800
199 0.093800
