0 0.000000
1 0.000000
2 0.000000
3 0.000000
4 0.000000
5 0.055264
6 0.104430
7 0.129160
8 0.140450
9 0.145470
10 0.147680
11 0.148660
12 0.149090
13 0.149280
14 0.149370
15 0.149400
16 0.149420
17 0.149430
18 0.149430
19 0.149430
20 0.149430
21 0.149430
22 0.149430
23 0.149430
24 0.149430
25 0.149430
26 0.149430
27 0.149430
28 0.149430
29 0.149430
30 0.149430
31 0.149430
32 0.149430
33 0.149430
34 0.149430
35 0.149430
36 0.149430
37 0.149430
38 0.149430
39 0.149430
40 0.149430
41 0.149430
42 0.149430
43 0.149430
44 0.149430
45 0.149430
46 0.149430
47 0.149430
48 0.149430
49 0.149430
50 0.149430
51 0.149430
52 0.149430
53 0.149430
54 0.149430
55 0.149430
56 0.149430
57 0.149430
58 0.149430
59 0.149430
60 0.149430
61 0.149430
62 0.149430
63 0.149430
64 0.149430
65 0.149430
66 0.149430
67 0.149430
68 0.149430
69 0.149430
70 0.149430
71 0.149430
72 0.149430
73 0.149430
74 0.149430
75 0.149430
76 0.149430
77 0.149430
78 0.149430
79 0.149430
80 0.149430
81 0.149430
82 0.149430
83 0.149430
84 0.149430
85 0.149430
86 0.149430
87 0.149430
88 0.149430
89 0.149430
90 0.149430
91 0.149430
92 0.149430
93 0.149430
94 0.149430
95 0.149430
96 0.149430
97 0.149430
98 0.149430
99 0.149430
100 0.149430
101 0.149430
102 0.149430
103 0.149430
104 0.149430
105 0.149430
106 0.149430
107 0.149430
108 0.149430
109 0.149430
110 0.149430
111 0.149430
112 0.149430
113 0.149430
114 0.149430
115 0.149430
116 0.149430
117 0.149430
118 0.149430
119 0.149430
120 0.149430
121 0.149430
122 0.149430
123 0.149430
124 0.149430
125 0.149430
126 0.149430
127 0.149430
128 0.149430
129 0.149430
130 0.149430
131 0.149430
132 0.149430
133 0.149430
134 0.149430
135 0.149430
136 0.149430
137 0.149430
138 0.149430
139 0.149430
140 0.149430
141 0.149430
142 0.149430
143 0.149430
144 0.149430
145 0.149430
146 0.149430
147 0.149430
148 0.149430
149 0.149430
150 0.149430
151 0.149430
152 0.149430
153 0.149430
154 0.149430
155 0.149430
156 0.149430
157 0.149430
158 0.149430
159 0.149430
160 0.149430
161 0.149430
162 0.149430
163 0.149430
164 0.149430
165 0.149430
166 0.149430
167 0.149430
168 0.149430
169 0.149430
170 0.149430
171 0.149430
172 0.149430
173 0.149430
174 0.149430
175 0.149430
176 0.149430
177 0.149430
178 0.149430
179 0.149430
180 0.149430
181 0.149430
182 0.149430
183 0.149430
184 0.149430
185 0.149430
186 0.149430
187 0.149430
188 0.149430
189 0.149430
190 0.149430
191 0.149430
192 0.149430
193 0.149430
194 0.149430
195 0.149430
196 0.149430
197 0.149430
198 0.149430
199 0.149430
