0 0.000000
1 0.000000
2 0.000000
3 0.000000
4 0.000000
5 -0.066673
6 -0.228710
7 -0.441060
8 -0.671490
9 -0.898120
10 -1.107200
11 -1.291000
12 -1.446300
13 -1.573100
14 -1.673000
15 -1.749000
16 -1.804700
17 -1.843500
18 -1.869000
19 -1.884300
20 -1.891900
21 -1.894100
22 -1.892800
23 -1.889200
24 -1.884400
25 -1.879200
26 -1.874100
27 -1.869400
28 -1.865200
29 -1.861600
30 -1.858700
31 -1.856400
32 -1.854700
33 -1.853400
34 -1.852500
35 -1.851900
36 -1.851600
37 -1.851400
38 -1.851300
39 -1.851400
40 -1.851400
41 -1.851500
42 -1.851700
43 -1.851800
44 -1.851900
45 -1.852000
46 -1.852100
47 -1.852100
48 -1.852200
49 -1.852200
50 -1.852200
51 -1.852300
52 -1.852300
53 -1.852300
54 -1.852300
55 -1.852300
56 -1.852300
57 -1.852300
58 -1.852300
59 -1.852300
60 -1.852300
61 -1.852300
62 -1.852300
63 -1.852300
64 -1.852300
65 -1.852300
66 -1.852300
67 -1.852300
68 -1.852300
69 -1.852300
70 -1.852300
71 -1.852300
72 -1.852300
73 -1.852300
74 -1.852300
75 -1.852300
76 -1.852300
77 -1.852300
78 -1.852300
79 -1.852300
80 -1.852300
81 -1.852300
82 -1.852300
83 -1.852300
84 -1.852300
85 -1.852300
86 -1.852300
87 -1.852300
88 -1.852300
89 -1.852300
90 -1.852300
91 -1.852300
92 -1.852300
93 -1.852300
94 -1.852300
95 -1.852300
96 -1.852300
97 -1.852300
98 -1.852300
99 -1.852300
100 -1.852300
101 -1.852300
102 -1.852300
103 -1.852300
104 -1.852300
105 -1.852300
106 -1.852300
107 -1.852300
108 -1.852300
109 -1.852300
110 -1.852300
111 -1.852300
112 -1.852300
113 -1.852300
114 -1.852300
115 -1.852300
116 -1.852300
117 -1.852300
118 -1.852300
119 -1.852300
120 -1.852300
121 -1.852300
122 -1.852300
123 -1.852300
124 -1.852300
125 -1.852300
126 -1.852300
127 -1.852300
128 -1.852300
129 -1.852300
130 -1.852300
131 -1.852300
132 -1.852300
133 -1.852300
134 -1.852300
135 -1.852300
136 -1.852300
137 -1.852300
138 -1.852300
139 -1.852300
140 -1.852300
141 -1.852300
142 -1.852300
143 -1.852300
144 -1.852300
145 -1.852300
146 -1.852300
147 -1.852300
148 -1.852300
149 -1.852300
150 -1.852300
151 -1.852300
152 -1.852300
153 -1.852300
154 -1.852300
155 -1.852300
156 -1.852300
157 -1.852300
158 -1.852300
159 -1.852300
160 -1.852300
161 -1.852300
162 -1.852300
163 -1.852300
164 -1.852300
165 -1.852300
166 -1.852300
167 -1.852300
168 -1.852300
169 -1.852300
170 -1.852300
171 -1.852300
172 -1.852300
173 -1.852300
174 -1.852300
175 -1.852300
176 -1.852300
177 -1.852300
178 -1.852300
179 -1.852300
180 -1.852300
181 -1.852300
182 -1.852300
183 -1.852300
184 -1.852300
185 -1.852300
186 -1.852300
187 -1.852300
188 -1.852300
189 -1.852300
190 -1.852300
191 -1.852300
192 -1.852300
193 -1.852300
194 -1.852300
195 -1.852300
196 -1.852300
197 -1.852300
198 -1.852300
199 -1.852300
