0 0.000000
1 0.000000
2 0.000000
3 0.000000
4 0.000000
5 -0.090180
6 -0.313930
7 -0.614970
8 -0.952050
9 -1.296000
10 -1.627000
11 -1.932700
12 -2.206000
13 -2.444200
14 -2.646800
15 -2.815600
16 -2.953500
17 -3.063700
18 -3.150200
19 -3.216400
20 -3.265800
21 -3.301600
22 -3.326600
23 -3.343000
24 -3.353100
25 -3.358300
26 -3.360100
27 -3.359500
28 -3.357400
29 -3.354300
30 -3.350800
31 -3.347200
32 -3.343600
33 -3.340300
34 -3.337400
35 -3.334800
36 -3.332600
37 -3.330800
38 -3.329200
39 -3.328000
40 -3.327100
41 -3.326300
42 -3.325800
43 -3.325400
44 -3.325100
45 -3.324900
46 -3.324800
47 -3.324700
48 -3.324700
49 -3.324700
50 -3.324700
51 -3.324700
52 -3.324800
53 -3.324800
54 -3.324900
55 -3.324900
56 -3.324900
57 -3.324900
58 -3.325000
59 -3.325000
60 -3.325000
61 -3.325000
62 -3.325000
63 -3.325000
64 -3.325000
65 -3.325100
66 -3.325100
67 -3.325100
68 -3.325100
69 -3.325100
70 -3.325100
71 -3.325100
72 -3.325100
73 -3.325100
74 -3.325100
75 -3.325100
76 -3.325100
77 -3.325100
78 -3.325100
79 -3.325100
80 -3.325100
81 -3.325100
82 -3.325100
83 -3.325100
84 -3.325100
85 -3.325100
86 -3.325100
87 -3.325100
88 -3.325100
89 -3.325100
90 -3.325100
91 -3.325100
92 -3.325100
93 -3.325100
94 -3.325100
95 -3.325100
96 -3.325100
97 -3.325100
98 -3.325100
99 -3.325100
100 -3.325100
101 -3.325100
102 -3.325100
103 -3.325100
104 -3.325100
105 -3.325100
106 -3.325100
107 -3.325100
108 -3.325100
109 -3.325100
110 -3.325100
111 -3.325100
112 -3.325100
113 -3.325100
114 -3.325100
115 -3.325100
116 -3.325100
117 -3.325100
118 -3.325100
119 -3.325100
120 -3.325100
121 -3.325100
122 -3.325100
123 -3.325100
124 -3.325100
125 -3.325100
126 -3.325100
127 -3.325100
128 -3.325100
129 -3.325100
130 -3.325100
131 -3.325100
132 -3.325100
133 -3.325100
134 -3.325100
135 -3.325100
136 -3.325100
137 -3.325100
138 -3.325100
139 -3.325100
140 -3.325100
141 -3.325100
142 -3.325100
143 -3.325100
144 -3.325100
145 -3.325100
146 -3.325100
147 -3.325100
148 -3.325100
149 -3.325100
150 -3.325100
151 -3.325100
152 -3.325100
153 -3.325100
154 -3.325100
155 -3.325100
156 -3.325100
157 -3.325100
158 -3.325100
159 -3.325100
160 -3.325100
161 -3.325100
162 -3.325100
163 -3.325100
164 -3.325100
165 -3.325100
166 -3.325100
167 -3.325100
168 -3.325100
169 -3.325100
170 -3.325100
171 -3.325100
172 -3.325100
173 -3.325100
174 -3.325100
175 -3.325100
176 -3.325100
177 -3.325100
178 -3.325100
179 -3.325100
180 -3.325100
181 -3.325100
182 -3.325100
183 -3.325100
184 -3.325100
185 -3.325100
186 -3.325100
187 -3.325100
188 -3.325100
189 -3.325100
190 -3.325100
191 -3.325100
192 -3.325100
193 -3.325100
194 -3.325100
195 -3.325100
196 -3.325100
197 -3.325100
198 -3.325100
199 -3.325100
