0 0.000000
1 0.000000
2 0.000000
3 0.000000
4 0.000000
5 -0.043252
6 -0.144210
7 -0.269990
8 -0.398440
9 -0.516050
10 -0.615770
11 -0.695090
12 -0.754500
13 -0.796210
14 -0.823280
15 -0.838940
16 -0.846240
17 -0.847830
18 -0.845840
19 -0.841900
20 -0.837170
21 -0.832420
22 -0.828120
23 -0.824520
24 -0.821670
25 -0.819550
26 -0.818080
27 -0.817140
28 -0.816610
29 -0.816370
30 -0.816330
31 -0.816420
32 -0.816570
33 -0.816750
34 -0.816930
35 -0.817080
36 -0.817210
37 -0.817320
38 -0.817390
39 -0.817440
40 -0.817480
41 -0.817490
42 -0.817500
43 -0.817500
44 -0.817500
45 -0.817490
46 -0.817490
47 -0.817480
48 -0.817470
49 -0.817470
50 -0.817460
51 -0.817460
52 -0.817460
53 -0.817460
54 -0.817460
55 -0.817460
56 -0.817460
57 -0.817460
58 -0.817460
59 -0.817460
60 -0.817460
61 -0.817460
62 -0.817460
63 -0.817460
64 -0.817460
65 -0.817460
66 -0.817460
67 -0.817460
68 -0.817460
69 -0.817460
70 -0.817460
71 -0.817460
72 -0.817460
73 -0.817460
74 -0.817460
75 -0.817460
76 -0.817460
77 -0.817460
78 -0.817460
79 -0.817460
80 -0.817460
81 -0.817460
82 -0.817460
83 -0.817460
84 -0.817460
85 -0.817460
86 -0.817460
87 -0.817460
88 -0.817460
89 -0.817460
90 -0.817460
91 -0.817460
92 -0.817460
93 -0.817460
94 -0.817460
95 -0.817460
96 -0.817460
97 -0.817460
98 -0.817460
99 -0.817460
100 -0.817460
101 -0.817460
102 -0.817460
103 -0.817460
104 -0.817460
105 -0.817460
106 -0.817460
107 -0.817460
108 -0.817460
109 -0.817460
110 -0.817460
111 -0.817460
112 -0.817460
113 -0.817460
114 -0.817460
115 -0.817460
116 -0.817460
117 -0.817460
118 -0.817460
119 -0.817460
120 -0.817460
121 -0.817460
122 -0.817460
123 -0.817460
124 -0.817460
125 -0.817460
126 -0.817460
127 -0.817460
128 -0.817460
129 -0.817460
130 -0.817460
131 -0.817460
132 -0.817460
133 -0.817460
134 -0.817460
135 -0.817460
136 -0.817460
137 -0.817460
138 -0.817460
139 -0.817460
140 -0.817460
141 -0.817460
142 -0.817460
143 -0.817460
144 -0.817460
145 -0.817460
146 -0.817460
147 -0.817460
148 -0.817460
149 -0.817460
150 -0.817460
151 -0.817460
152 -0.817460
153 -0.817460
154 -0.817460
155 -0.817460
156 -0.817460
157 -0.817460
158 -0.817460
159 -0.817460
160 -0.817460
161 -0.817460
162 -0.817460
163 -0.817460
164 -0.817460
165 -0.817460
166 -0.817460
167 -0.817460
168 -0.817460
169 -0.817460
170 -0.817460
171 -0.817460
172 -0.817460
173 -0.817460
174 -0.817460
175 -0.817460
176 -0.817460
177 -0.817460
178 -0.817460
179 -0.817460
180 -0.817460
181 -0.817460
182 -0.817460
183 -0.817460
184 -0.817460
185 -0.817460
186 -0.817460
187 -0.817460
188 -0.817460
189 -0.817460
190 -0.817460
191 -0.817460
192 -0.817460
193 -0.817460
194 -0.817460
195 -0.817460
196 -0.817460
197 -0.817460
198 -0.817460
199 -0.817460
