0 0.000000
1 0.000000
2 0.000000
3 0.000000
4 0.000000
5 -0.020373
6 -0.063743
7 -0.111950
8 -0.154920
9 -0.188340
10 -0.211520
11 -0.225750
12 -0.233120
13 -0.235800
14 -0.235640
15 -0.234070
16 -0.232010
17 -0.230040
18 -0.228430
19 -0.227260
20 -0.226500
21 -0.226070
22 -0.225890
23 -0.225850
24 -0.225900
25 -0.225990
26 -0.226070
27 -0.226150
28 -0.226210
29 -0.226250
30 -0.226270
31 -0.226280
32 -0.226290
33 -0.226290
34 -0.226280
35 -0.226280
36 -0.226280
37 -0.226270
38 -0.226270
39 -0.226270
40 -0.226270
41 -0.226270
42 -0.226270
43 -0.226270
44 -0.226270
45 -0.226270
46 -0.226270
47 -0.226270
48 -0.226270
49 -0.226270
50 -0.226270
51 -0.226270
52 -0.226270
53 -0.226270
54 -0.226270
55 -0.226270
56 -0.226270
57 -0.226270
58 -0.226270
59 -0.226270
60 -0.226270
61 -0.226270
62 -0.226270
63 -0.226270
64 -0.226270
65 -0.226270
66 -0.226270
67 -0.226270
68 -0.226270
69 -0.226270
70 -0.226270
71 -0.226270
72 -0.226270
73 -0.226270
74 -0.226270
75 -0.226270
76 -0.226270
77 -0.226270
78 -0.226270
79 -0.226270
80 -0.226270
81 -0.226270
82 -0.226270
83 -0.226270
84 -0.226270
85 -0.226270
86 -0.226270
87 -0.226270
88 -0.226270
89 -0.226270
90 -0.226270
91 -0.226270
92 -0.226270
93 -0.226270
94 -0.226270
95 -0.226270
96 -0.226270
97 -0.226270
98 -0.226270
99 -0.226270
100 -0.226270
101 -0.226270
102 -0.226270
103 -0.226270
104 -0.226270
105 -0.226270
106 -0.226270
107 -0.226270
108 -0.226270
109 -0.226270
110 -0.226270
111 -0.226270
112 -0.226270
113 -0.226270
114 -0.226270
115 -0.226270
116 -0.226270
117 -0.226270
118 -0.226270
119 -0.226270
120 -0.226270
121 -0.226270
122 -0.226270
123 -0.226270
124 -0.226270
125 -0.226270
126 -0.226270
127 -0.226270
128 -0.226270
129 -0.226270
130 -0.226270
131 -0.226270
132 -0.226270
133 -0.226270
134 -0.226270
135 -0.226270
136 -0.226270
137 -0.226270
138 -0.226270
139 -0.226270
140 -0.226270
141 -0.226270
142 -0.226270
143 -0.226270
144 -0.226270
145 -0.226270
146 -0.226270
147 -0.226270
148 -0.226270
149 -0.226270
150 -0.226270
151 -0.226270
152 -0.226270
153 -0.226270
154 -0.226270
155 -0.226270
156 -0.226270
157 -0.226270
158 -0.226270
159 -0.226270
160 -0.226270
161 -0.226270
162 -0.226270
163 -0.226270
164 -0.226270
165 -0.226270
166 -0.226270
167 -0.226270
168 -0.226270
169 -0.226270
170 -0.226270
171 -0.226270
172 -0.226270
173 -0.226270
174 -0.226270
175 -0.226270
176 -0.226270
177 -0.226270
178 -0.226270
179 -0.226270
180 -0.226270
181 -0.226270
182 -0.226270
183 -0.226270
184 -0.226270
185 -0.226270
186 -0.226270
187 -0.226270
188 -0.226270
189 -0.226270
190 -0.226270
191 -0.226270
192 -0.226270
193 -0.226270
194 -0.226270
195 -0.226270
196 -0.226270
197 -0.226270
198 -0.226270
199 -0.226270
