0 0.000000
1 0.000000
2 0.000000
3 0.000000
4 0.000000
5 0.015988
6 0.037426
7 0.051825
8 0.059292
9 0.062487
10 0.063585
11 0.063833
12 0.063812
13 0.063743
14 0.063690
15 0.063661
16 0.063648
17 0.063643
18 0.063642
19 0.063642
20 0.063642
21 0.063642
22 0.063642
23 0.063642
24 0.063642
25 0.063642
26 0.063642
27 0.063642
28 0.063642
29 0.063642
30 0.063642
31 0.063642
32 0.063642
33 0.063642
34 0.063642
35 0.063642
36 0.063642
37 0.063642
38 0.063642
39 0.063642
40 0.063642
41 0.063642
42 0.063642
43 0.063642
44 0.063642
45 0.063642
46 0.063642
47 0.063642
48 0.063642
49 0.063642
50 0.063642
51 0.063642
52 0.063642
53 0.063642
54 0.063642
55 0.063642
56 0.063642
57 0.063642
58 0.063642
59 0.063642
60 0.063642
61 0.063642
62 0.063642
63 0.063642
64 0.063642
65 0.063642
66 0.063642
67 0.063642
68 0.063642
69 0.063642
70 0.063642
71 0.063642
72 0.063642
73 0.063642
74 0.063642
75 0.063642
76 0.063642
77 0.063642
78 0.063642
79 0.063642
80 0.063642
81 0.063642
82 0.063642
83 0.063642
84 0.063642
85 0.063642
86 0.063642
87 0.063642
88 0.063642
89 0.063642
90 0.063642
91 0.063642
92 0.063642
93 0.063642
94 0.063642
95 0.063642
96 0.063642
97 0.063642
98 0.063642
99 0.063642
100 0.063642
101 0.063642
102 0.063642
103 0.063642
104 0.063642
105 0.063642
106 0.063642
107 0.063642
108 0.063642
109 0.063642
110 0.063642
111 0.063642
112 0.063642
113 0.063642
114 0.063642
115 0.063642
116 0.063642
117 0.063642
118 0.063642
119 0.063642
120 0.063642
121 0.063642
122 0.063642
123 0.063642
124 0.063642
125 0.063642
126 0.063642
127 0.063642
128 0.063642
129 0.063642
130 0.063642
131 0.063642
132 0.063642
133 0.063642
134 0.063642
135 0.063642
136 0.063642
137 0.063642
138 0.063642
139 0.063642
140 0.063642
141 0.063642
142 0.063642
143 0.063642
144 0.063642
145 0.063642
146 0.063642
147 0.063642
148 0.063642
149 0.063642
150 0.063642
151 0.063642
152 0.063642
153 0.063642
154 0.063642
155 0.063642
156 0.063642
157 0.063642
158 0.063642
159 0.063642
160 0.063642
161 0.063642
162 0.063642
163 0.063642
164 0.063642
165 0.063642
166 0.063642
167 0.063642
168 0.063642
169 0.063642
170 0.063642
171 0.063642
172 0.063642
173 0.063642
174 0.063642
175 0.063642
176 0.063642
177 0.063642
178 0.063642
179 0.063642
180 0.063642
181 0.063642
182 0.063642
183 0.063642
184 0.063642
185 0.063642
186 0.063642
187 0.063642
188 0.063642
189 0.063642
190 0.063642
191 0.063642
192 0.063642
193 0.063642
194 0.063642
195 0.063642
196 0.063642
197 0.063642
198 0.063642
199 0.063642
