0 2
0.5 2
1 2
1.5 2
2 2
2.5 2
3 2
3.5 2
4 2
4.5 2
5 1.9985
5.5 1.9943
6 1.9878
6.5 1.9796
7 1.9699
7.5 1.959
8 1.9472
8.5 1.9347
9 1.9218
9.5 1.9086
10 1.8952
10.5 1.8817
11 1.8683
11.5 1.855
12 1.842
12.5 1.8291
13 1.8166
13.5 1.8045
14 1.7927
14.5 1.7812
15 1.7702
15.5 1.7596
16 1.7494
16.5 1.7397
17 1.7303
17.5 1.7214
18 1.7129
18.5 1.7048
19 1.697
19.5 1.6897
20 1.6827
20.5 1.676
21 1.6698
21.5 1.6638
22 1.6581
22.5 1.6528
23 1.6478
23.5 1.643
24 1.6385
24.5 1.6342
25 1.6302
25.5 1.6264
26 1.6229
26.5 1.6195
27 1.6163
27.5 1.6134
28 1.6106
28.5 1.6079
29 1.6054
29.5 1.6031
30 1.6009
30.5 1.5989
31 1.5969
31.5 1.5951
32 1.5934
32.5 1.5918
33 1.5903
33.5 1.5889
34 1.5876
34.5 1.5863
35 1.5852
35.5 1.5841
36 1.5831
36.5 1.5821
37 1.5812
37.5 1.5804
38 1.5796
38.5 1.5788
39 1.5781
39.5 1.5775
40 1.5769
40.5 1.5763
41 1.5758
41.5 1.5753
42 1.5748
42.5 1.5744
43 1.574
43.5 1.5736
44 1.5732
44.5 1.5729
45 1.5726
45.5 1.5723
46 1.572
46.5 1.5718
47 1.5715
47.5 1.5713
48 1.5711
48.5 1.5709
49 1.5707
49.5 1.5705
50 1.5704
50.5 1.5702
51 1.5701
51.5 1.5699
52 1.5698
52.5 1.5697
53 1.5696
53.5 1.5695
54 1.5694
54.5 1.5693
55 1.5692
55.5 1.5692
56 1.5691
56.5 1.569
57 1.5689
57.5 1.5689
58 1.5688
58.5 1.5688
59 1.5687
59.5 1.5687
60 1.5686
60.5 1.5686
61 1.5686
61.5 1.5685
62 1.5685
62.5 1.5685
63 1.5684
63.5 1.5684
64 1.5684
64.5 1.5684
65 1.5684
65.5 1.5683
66 1.5683
66.5 1.5683
67 1.5683
67.5 1.5683
68 1.5683
68.5 1.5682
69 1.5682
69.5 1.5682
70 1.5682
70.5 1.5682
71 1.5682
71.5 1.5682
72 1.5682
72.5 1.5682
73 1.5682
73.5 1.5681
74 1.5681
74.5 1.5681
75 1.5681
75.5 1.5681
76 1.5681
76.5 1.5681
77 1.5681
77.5 1.5681
78 1.5681
78.5 1.5681
79 1.5681
79.5 1.5681
80 1.5681
80.5 1.5681
81 1.5681
81.5 1.5681
82 1.5681
82.5 1.5681
83 1.5681
83.5 1.5681
84 1.5681
84.5 1.5681
85 1.5681
85.5 1.5681
86 1.5681
86.5 1.5681
87 1.5681
87.5 1.5681
88 1.5681
88.5 1.5681
89 1.5681
89.5 1.5681
90 1.5681
90.5 1.5681
91 1.5681
91.5 1.5681
92 1.5681
92.5 1.5681
93 1.5681
93.5 1.5681
94 1.5681
94.5 1.5681
95 1.5681
95.5 1.5681
96 1.5681
96.5 1.5681
97 1.5681
97.5 1.5681
98 1.5681
98.5 1.5681
99 1.5681
