0 2
0.5 2
1 2
1.5 2
2 2
2.5 2
3 2
3.5 2
4 2
4.5 2
5 2.0015
5.5 2.0057
6 2.0122
6.5 2.0204
7 2.0301
7.5 2.041
8 2.0528
8.5 2.0653
9 2.0782
9.5 2.0914
10 2.1048
10.5 2.1183
11 2.1317
11.5 2.145
12 2.158
12.5 2.1709
13 2.1834
13.5 2.1955
14 2.2073
14.5 2.2188
15 2.2298
15.5 2.2404
16 2.2506
16.5 2.2603
17 2.2697
17.5 2.2786
18 2.2871
18.5 2.2952
19 2.303
19.5 2.3103
20 2.3173
20.5 2.324
21 2.3302
21.5 2.3362
22 2.3419
22.5 2.3472
23 2.3522
23.5 2.357
24 2.3615
24.5 2.3658
25 2.3698
25.5 2.3736
26 2.3771
26.5 2.3805
27 2.3837
27.5 2.3866
28 2.3894
28.5 2.3921
29 2.3946
29.5 2.3969
30 2.3991
30.5 2.4011
31 2.4031
31.5 2.4049
32 2.4066
32.5 2.4082
33 2.4097
33.5 2.4111
34 2.4124
34.5 2.4137
35 2.4148
35.5 2.4159
36 2.4169
36.5 2.4179
37 2.4188
37.5 2.4196
38 2.4204
38.5 2.4212
39 2.4219
39.5 2.4225
40 2.4231
40.5 2.4237
41 2.4242
41.5 2.4247
42 2.4252
42.5 2.4256
43 2.426
43.5 2.4264
44 2.4268
44.5 2.4271
45 2.4274
45.5 2.4277
46 2.428
46.5 2.4282
47 2.4285
47.5 2.4287
48 2.4289
48.5 2.4291
49 2.4293
49.5 2.4295
50 2.4296
50.5 2.4298
51 2.4299
51.5 2.4301
52 2.4302
52.5 2.4303
53 2.4304
53.5 2.4305
54 2.4306
54.5 2.4307
55 2.4308
55.5 2.4308
56 2.4309
56.5 2.431
57 2.4311
57.5 2.4311
58 2.4312
58.5 2.4312
59 2.4313
59.5 2.4313
60 2.4314
60.5 2.4314
61 2.4314
61.5 2.4315
62 2.4315
62.5 2.4315
63 2.4316
63.5 2.4316
64 2.4316
64.5 2.4316
65 2.4316
65.5 2.4317
66 2.4317
66.5 2.4317
67 2.4317
67.5 2.4317
68 2.4317
68.5 2.4318
69 2.4318
69.5 2.4318
70 2.4318
70.5 2.4318
71 2.4318
71.5 2.4318
72 2.4318
72.5 2.4318
73 2.4318
73.5 2.4319
74 2.4319
74.5 2.4319
75 2.4319
75.5 2.4319
76 2.4319
76.5 2.4319
77 2.4319
77.5 2.4319
78 2.4319
78.5 2.4319
79 2.4319
79.5 2.4319
80 2.4319
80.5 2.4319
81 2.4319
81.5 2.4319
82 2.4319
82.5 2.4319
83 2.4319
83.5 2.4319
84 2.4319
84.5 2.4319
85 2.4319
85.5 2.4319
86 2.4319
86.5 2.4319
87 2.4319
87.5 2.4319
88 2.4319
88.5 2.4319
89 2.4319
89.5 2.4319
90 2.4319
90.5 2.4319
91 2.4319
91.5 2.4319
92 2.4319
92.5 2.4319
93 2.4319
93.5 2.4319
94 2.4319
94.5 2.4319
95 2.4319
95.5 2.4319
96 2.4319
96.5 2.4319
97 2.4319
97.5 2.4319
98 2.4319
98.5 2.4319
99 2.4319
