0 2
0.5 2
1 2
1.5 2
2 2
2.5 2
3 2
3.5 2
4 2
4.5 2
5 2.0011
5.5 2.0043
6 2.0091
6.5 2.0153
7 2.0226
7.5 2.0308
8 2.0396
8.5 2.0489
9 2.0586
9.5 2.0686
10 2.0786
10.5 2.0887
11 2.0988
11.5 2.1087
12 2.1185
12.5 2.1281
13 2.1375
13.5 2.1467
14 2.1555
14.5 2.1641
15 2.1723
15.5 2.1803
16 2.1879
16.5 2.1952
17 2.2022
17.5 2.2089
18 2.2153
18.5 2.2214
19 2.2272
19.5 2.2328
20 2.238
20.5 2.243
21 2.2477
21.5 2.2522
22 2.2564
22.5 2.2604
23 2.2642
23.5 2.2678
24 2.2711
24.5 2.2743
25 2.2773
25.5 2.2802
26 2.2828
26.5 2.2854
27 2.2877
27.5 2.29
28 2.2921
28.5 2.2941
29 2.2959
29.5 2.2977
30 2.2993
30.5 2.3009
31 2.3023
31.5 2.3037
32 2.3049
32.5 2.3061
33 2.3073
33.5 2.3083
34 2.3093
34.5 2.3102
35 2.3111
35.5 2.3119
36 2.3127
36.5 2.3134
37 2.3141
37.5 2.3147
38 2.3153
38.5 2.3159
39 2.3164
39.5 2.3169
40 2.3173
40.5 2.3178
41 2.3182
41.5 2.3185
42 2.3189
42.5 2.3192
43 2.3195
43.5 2.3198
44 2.3201
44.5 2.3203
45 2.3206
45.5 2.3208
46 2.321
46.5 2.3212
47 2.3214
47.5 2.3215
48 2.3217
48.5 2.3218
49 2.322
49.5 2.3221
50 2.3222
50.5 2.3223
51 2.3224
51.5 2.3225
52 2.3226
52.5 2.3227
53 2.3228
53.5 2.3229
54 2.323
54.5 2.323
55 2.3231
55.5 2.3231
56 2.3232
56.5 2.3232
57 2.3233
57.5 2.3233
58 2.3234
58.5 2.3234
59 2.3234
59.5 2.3235
60 2.3235
60.5 2.3235
61 2.3236
61.5 2.3236
62 2.3236
62.5 2.3236
63 2.3237
63.5 2.3237
64 2.3237
64.5 2.3237
65 2.3237
65.5 2.3237
66 2.3238
66.5 2.3238
67 2.3238
67.5 2.3238
68 2.3238
68.5 2.3238
69 2.3238
69.5 2.3238
70 2.3238
70.5 2.3239
71 2.3239
71.5 2.3239
72 2.3239
72.5 2.3239
73 2.3239
73.5 2.3239
74 2.3239
74.5 2.3239
75 2.3239
75.5 2.3239
76 2.3239
76.5 2.3239
77 2.3239
77.5 2.3239
78 2.3239
78.5 2.3239
79 2.3239
79.5 2.3239
80 2.3239
80.5 2.3239
81 2.3239
81.5 2.3239
82 2.3239
82.5 2.3239
83 2.3239
83.5 2.3239
84 2.3239
84.5 2.3239
85 2.3239
85.5 2.3239
86 2.324
86.5 2.324
87 2.324
87.5 2.324
88 2.324
88.5 2.324
89 2.324
89.5 2.324
90 2.324
90.5 2.324
91 2.324
91.5 2.324
92 2.324
92.5 2.324
93 2.324
93.5 2.324
94 2.324
94.5 2.324
95 2.324
95.5 2.324
96 2.324
96.5 2.324
97 2.324
97.5 2.324
98 2.324
98.5 2.324
99 2.324
