0 2
0.5 2
1 2
1.5 2
2 2
2.5 2
3 2
3.5 2
4 2
4.5 2
5 1.9996
5.5 1.9986
6 1.997
6.5 1.9949
7 1.9925
7.5 1.9897
8 1.9868
8.5 1.9837
9 1.9805
9.5 1.9771
10 1.9738
10.5 1.9704
11 1.9671
11.5 1.9638
12 1.9605
12.5 1.9573
13 1.9542
13.5 1.9511
14 1.9482
14.5 1.9453
15 1.9426
15.5 1.9399
16 1.9374
16.5 1.9349
17 1.9326
17.5 1.9304
18 1.9282
18.5 1.9262
19 1.9243
19.5 1.9224
20 1.9207
20.5 1.919
21 1.9174
21.5 1.9159
22 1.9145
22.5 1.9132
23 1.9119
23.5 1.9107
24 1.9096
24.5 1.9086
25 1.9076
25.5 1.9066
26 1.9057
26.5 1.9049
27 1.9041
27.5 1.9033
28 1.9026
28.5 1.902
29 1.9014
29.5 1.9008
30 1.9002
30.5 1.8997
31 1.8992
31.5 1.8988
32 1.8984
32.5 1.898
33 1.8976
33.5 1.8972
34 1.8969
34.5 1.8966
35 1.8963
35.5 1.896
36 1.8958
36.5 1.8955
37 1.8953
37.5 1.8951
38 1.8949
38.5 1.8947
39 1.8945
39.5 1.8944
40 1.8942
40.5 1.8941
41 1.8939
41.5 1.8938
42 1.8937
42.5 1.8936
43 1.8935
43.5 1.8934
44 1.8933
44.5 1.8932
45 1.8931
45.5 1.8931
46 1.893
46.5 1.8929
47 1.8929
47.5 1.8928
48 1.8928
48.5 1.8927
49 1.8927
49.5 1.8926
50 1.8926
50.5 1.8926
51 1.8925
51.5 1.8925
52 1.8925
52.5 1.8924
53 1.8924
53.5 1.8924
54 1.8923
54.5 1.8923
55 1.8923
55.5 1.8923
56 1.8923
56.5 1.8923
57 1.8922
57.5 1.8922
58 1.8922
58.5 1.8922
59 1.8922
59.5 1.8922
60 1.8922
60.5 1.8922
61 1.8921
61.5 1.8921
62 1.8921
62.5 1.8921
63 1.8921
63.5 1.8921
64 1.8921
64.5 1.8921
65 1.8921
65.5 1.8921
66 1.8921
66.5 1.8921
67 1.8921
67.5 1.8921
68 1.8921
68.5 1.8921
69 1.8921
69.5 1.8921
70 1.8921
70.5 1.892
71 1.892
71.5 1.892
72 1.892
72.5 1.892
73 1.892
73.5 1.892
74 1.892
74.5 1.892
75 1.892
75.5 1.892
76 1.892
76.5 1.892
77 1.892
77.5 1.892
78 1.892
78.5 1.892
79 1.892
79.5 1.892
80 1.892
80.5 1.892
81 1.892
81.5 1.892
82 1.892
82.5 1.892
83 1.892
83.5 1.892
84 1.892
84.5 1.892
85 1.892
85.5 1.892
86 1.892
86.5 1.892
87 1.892
87.5 1.892
88 1.892
88.5 1.892
89 1.892
89.5 1.892
90 1.892
90.5 1.892
91 1.892
91.5 1.892
92 1.892
92.5 1.892
93 1.892
93.5 1.892
94 1.892
94.5 1.892
95 1.892
95.5 1.892
96 1.892
96.5 1.892
97 1.892
97.5 1.892
98 1.892
98.5 1.892
99 1.892
