0 2
0.5 2
1 2
1.5 2
2 2
2.5 2
3 2
3.5 2
4 2
4.5 2
5 2.0008
5.5 2.0029
6 2.0061
6.5 2.0102
7 2.0151
7.5 2.0205
8 2.0264
8.5 2.0326
9 2.0391
9.5 2.0457
10 2.0524
10.5 2.0591
11 2.0658
11.5 2.0725
12 2.079
12.5 2.0854
13 2.0917
13.5 2.0978
14 2.1037
14.5 2.1094
15 2.1149
15.5 2.1202
16 2.1253
16.5 2.1302
17 2.1348
17.5 2.1393
18 2.1436
18.5 2.1476
19 2.1515
19.5 2.1552
20 2.1587
20.5 2.162
21 2.1651
21.5 2.1681
22 2.1709
22.5 2.1736
23 2.1761
23.5 2.1785
24 2.1808
24.5 2.1829
25 2.1849
25.5 2.1868
26 2.1886
26.5 2.1902
27 2.1918
27.5 2.1933
28 2.1947
28.5 2.196
29 2.1973
29.5 2.1984
30 2.1995
30.5 2.2006
31 2.2015
31.5 2.2024
32 2.2033
32.5 2.2041
33 2.2048
33.5 2.2056
34 2.2062
34.5 2.2068
35 2.2074
35.5 2.208
36 2.2085
36.5 2.209
37 2.2094
37.5 2.2098
38 2.2102
38.5 2.2106
39 2.2109
39.5 2.2113
40 2.2116
40.5 2.2118
41 2.2121
41.5 2.2124
42 2.2126
42.5 2.2128
43 2.213
43.5 2.2132
44 2.2134
44.5 2.2136
45 2.2137
45.5 2.2139
46 2.214
46.5 2.2141
47 2.2142
47.5 2.2144
48 2.2145
48.5 2.2146
49 2.2147
49.5 2.2147
50 2.2148
50.5 2.2149
51 2.215
51.5 2.215
52 2.2151
52.5 2.2151
53 2.2152
53.5 2.2153
54 2.2153
54.5 2.2153
55 2.2154
55.5 2.2154
56 2.2155
56.5 2.2155
57 2.2155
57.5 2.2156
58 2.2156
58.5 2.2156
59 2.2156
59.5 2.2157
60 2.2157
60.5 2.2157
61 2.2157
61.5 2.2157
62 2.2157
62.5 2.2158
63 2.2158
63.5 2.2158
64 2.2158
64.5 2.2158
65 2.2158
65.5 2.2158
66 2.2158
66.5 2.2159
67 2.2159
67.5 2.2159
68 2.2159
68.5 2.2159
69 2.2159
69.5 2.2159
70 2.2159
70.5 2.2159
71 2.2159
71.5 2.2159
72 2.2159
72.5 2.2159
73 2.2159
73.5 2.2159
74 2.2159
74.5 2.2159
75 2.2159
75.5 2.2159
76 2.2159
76.5 2.2159
77 2.2159
77.5 2.2159
78 2.2159
78.5 2.216
79 2.216
79.5 2.216
80 2.216
80.5 2.216
81 2.216
81.5 2.216
82 2.216
82.5 2.216
83 2.216
83.5 2.216
84 2.216
84.5 2.216
85 2.216
85.5 2.216
86 2.216
86.5 2.216
87 2.216
87.5 2.216
88 2.216
88.5 2.216
89 2.216
89.5 2.216
90 2.216
90.5 2.216
91 2.216
91.5 2.216
92 2.216
92.5 2.216
93 2.216
93.5 2.216
94 2.216
94.5 2.216
95 2.216
95.5 2.216
96 2.216
96.5 2.216
97 2.216
97.5 2.216
98 2.216
98.5 2.216
99 2.216
