0 2
0.5 2
1 2
1.5 2
2 2
2.5 2
3 2
3.5 2
4 2
4.5 2
5 1.9989
5.5 1.9957
6 1.9909
6.5 1.9847
7 1.9774
7.5 1.9692
8 1.9604
8.5 1.9511
9 1.9414
9.5 1.9314
10 1.9214
10.5 1.9113
11 1.9012
11.5 1.8913
12 1.8815
12.5 1.8719
13 1.8625
13.5 1.8533
14 1.8445
14.5 1.8359
15 1.8277
15.5 1.8197
16 1.8121
16.5 1.8048
17 1.7978
17.5 1.7911
18 1.7847
18.5 1.7786
19 1.7728
19.5 1.7672
20 1.762
20.5 1.757
21 1.7523
21.5 1.7478
22 1.7436
22.5 1.7396
23 1.7358
23.5 1.7322
24 1.7289
24.5 1.7257
25 1.7227
25.5 1.7198
26 1.7172
26.5 1.7146
27 1.7123
27.5 1.71
28 1.7079
28.5 1.7059
29 1.7041
29.5 1.7023
30 1.7007
30.5 1.6991
31 1.6977
31.5 1.6963
32 1.6951
32.5 1.6939
33 1.6927
33.5 1.6917
34 1.6907
34.5 1.6898
35 1.6889
35.5 1.6881
36 1.6873
36.5 1.6866
37 1.6859
37.5 1.6853
38 1.6847
38.5 1.6841
39 1.6836
39.5 1.6831
40 1.6827
40.5 1.6822
41 1.6818
41.5 1.6815
42 1.6811
42.5 1.6808
43 1.6805
43.5 1.6802
44 1.6799
44.5 1.6797
45 1.6794
45.5 1.6792
46 1.679
46.5 1.6788
47 1.6786
47.5 1.6785
48 1.6783
48.5 1.6782
49 1.678
49.5 1.6779
50 1.6778
50.5 1.6777
51 1.6776
51.5 1.6775
52 1.6774
52.5 1.6773
53 1.6772
53.5 1.6771
54 1.677
54.5 1.677
55 1.6769
55.5 1.6769
56 1.6768
56.5 1.6768
57 1.6767
57.5 1.6767
58 1.6766
58.5 1.6766
59 1.6766
59.5 1.6765
60 1.6765
60.5 1.6765
61 1.6764
61.5 1.6764
62 1.6764
62.5 1.6764
63 1.6763
63.5 1.6763
64 1.6763
64.5 1.6763
65 1.6763
65.5 1.6763
66 1.6762
66.5 1.6762
67 1.6762
67.5 1.6762
68 1.6762
68.5 1.6762
69 1.6762
69.5 1.6762
70 1.6762
70.5 1.6761
71 1.6761
71.5 1.6761
72 1.6761
72.5 1.6761
73 1.6761
73.5 1.6761
74 1.6761
74.5 1.6761
75 1.6761
75.5 1.6761
76 1.6761
76.5 1.6761
77 1.6761
77.5 1.6761
78 1.6761
78.5 1.6761
79 1.6761
79.5 1.6761
80 1.6761
80.5 1.6761
81 1.6761
81.5 1.6761
82 1.6761
82.5 1.6761
83 1.6761
83.5 1.6761
84 1.6761
84.5 1.6761
85 1.6761
85.5 1.6761
86 1.676
86.5 1.676
87 1.676
87.5 1.676
88 1.676
88.5 1.676
89 1.676
89.5 1.676
90 1.676
90.5 1.676
91 1.676
91.5 1.676
92 1.676
92.5 1.676
93 1.676
93.5 1.676
94 1.676
94.5 1.676
95 1.676
95.5 1.676
96 1.676
96.5 1.676
97 1.676
97.5 1.676
98 1.676
98.5 1.676
99 1.676
