0 2
0.5 2
1 2
1.5 2
2 2
2.5 2
3 2
3.5 2
4 2
4.5 2
5 2.0004
5.5 2.0014
6 2.003
6.5 2.0051
7 2.0075
7.5 2.0103
8 2.0132
8.5 2.0163
9 2.0195
9.5 2.0229
10 2.0262
10.5 2.0296
11 2.0329
11.5 2.0362
12 2.0395
12.5 2.0427
13 2.0458
13.5 2.0489
14 2.0518
14.5 2.0547
15 2.0574
15.5 2.0601
16 2.0626
16.5 2.0651
17 2.0674
17.5 2.0696
18 2.0718
18.5 2.0738
19 2.0757
19.5 2.0776
20 2.0793
20.5 2.081
21 2.0826
21.5 2.0841
22 2.0855
22.5 2.0868
23 2.0881
23.5 2.0893
24 2.0904
24.5 2.0914
25 2.0924
25.5 2.0934
26 2.0943
26.5 2.0951
27 2.0959
27.5 2.0967
28 2.0974
28.5 2.098
29 2.0986
29.5 2.0992
30 2.0998
30.5 2.1003
31 2.1008
31.5 2.1012
32 2.1016
32.5 2.102
33 2.1024
33.5 2.1028
34 2.1031
34.5 2.1034
35 2.1037
35.5 2.104
36 2.1042
36.5 2.1045
37 2.1047
37.5 2.1049
38 2.1051
38.5 2.1053
39 2.1055
39.5 2.1056
40 2.1058
40.5 2.1059
41 2.1061
41.5 2.1062
42 2.1063
42.5 2.1064
43 2.1065
43.5 2.1066
44 2.1067
44.5 2.1068
45 2.1069
45.5 2.1069
46 2.107
46.5 2.1071
47 2.1071
47.5 2.1072
48 2.1072
48.5 2.1073
49 2.1073
49.5 2.1074
50 2.1074
50.5 2.1074
51 2.1075
51.5 2.1075
52 2.1075
52.5 2.1076
53 2.1076
53.5 2.1076
54 2.1077
54.5 2.1077
55 2.1077
55.5 2.1077
56 2.1077
56.5 2.1077
57 2.1078
57.5 2.1078
58 2.1078
58.5 2.1078
59 2.1078
59.5 2.1078
60 2.1078
60.5 2.1078
61 2.1079
61.5 2.1079
62 2.1079
62.5 2.1079
63 2.1079
63.5 2.1079
64 2.1079
64.5 2.1079
65 2.1079
65.5 2.1079
66 2.1079
66.5 2.1079
67 2.1079
67.5 2.1079
68 2.1079
68.5 2.1079
69 2.1079
69.5 2.1079
70 2.1079
70.5 2.108
71 2.108
71.5 2.108
72 2.108
72.5 2.108
73 2.108
73.5 2.108
74 2.108
74.5 2.108
75 2.108
75.5 2.108
76 2.108
76.5 2.108
77 2.108
77.5 2.108
78 2.108
78.5 2.108
79 2.108
79.5 2.108
80 2.108
80.5 2.108
81 2.108
81.5 2.108
82 2.108
82.5 2.108
83 2.108
83.5 2.108
84 2.108
84.5 2.108
85 2.108
85.5 2.108
86 2.108
86.5 2.108
87 2.108
87.5 2.108
88 2.108
88.5 2.108
89 2.108
89.5 2.108
90 2.108
90.5 2.108
91 2.108
91.5 2.108
92 2.108
92.5 2.108
93 2.108
93.5 2.108
94 2.108
94.5 2.108
95 2.108
95.5 2.108
96 2.108
96.5 2.108
97 2.108
97.5 2.108
98 2.108
98.5 2.108
99 2.108
