0 2
0.5 2
1 2
1.5 2
2 2
2.5 2
3 2
3.5 2
4 2
4.5 2
5 1.9992
5.5 1.9971
6 1.9939
6.5 1.9898
7 1.9849
7.5 1.9795
8 1.9736
8.5 1.9674
9 1.9609
9.5 1.9543
10 1.9476
10.5 1.9409
11 1.9342
11.5 1.9275
12 1.921
12.5 1.9146
13 1.9083
13.5 1.9022
14 1.8963
14.5 1.8906
15 1.8851
15.5 1.8798
16 1.8747
16.5 1.8698
17 1.8652
17.5 1.8607
18 1.8564
18.5 1.8524
19 1.8485
19.5 1.8448
20 1.8413
20.5 1.838
21 1.8349
21.5 1.8319
22 1.8291
22.5 1.8264
23 1.8239
23.5 1.8215
24 1.8192
24.5 1.8171
25 1.8151
25.5 1.8132
26 1.8114
26.5 1.8098
27 1.8082
27.5 1.8067
28 1.8053
28.5 1.804
29 1.8027
29.5 1.8016
30 1.8005
30.5 1.7994
31 1.7985
31.5 1.7976
32 1.7967
32.5 1.7959
33 1.7952
33.5 1.7944
34 1.7938
34.5 1.7932
35 1.7926
35.5 1.792
36 1.7915
36.5 1.791
37 1.7906
37.5 1.7902
38 1.7898
38.5 1.7894
39 1.7891
39.5 1.7887
40 1.7884
40.5 1.7882
41 1.7879
41.5 1.7876
42 1.7874
42.5 1.7872
43 1.787
43.5 1.7868
44 1.7866
44.5 1.7864
45 1.7863
45.5 1.7861
46 1.786
46.5 1.7859
47 1.7858
47.5 1.7856
48 1.7855
48.5 1.7854
49 1.7853
49.5 1.7853
50 1.7852
50.5 1.7851
51 1.785
51.5 1.785
52 1.7849
52.5 1.7849
53 1.7848
53.5 1.7847
54 1.7847
54.5 1.7847
55 1.7846
55.5 1.7846
56 1.7845
56.5 1.7845
57 1.7845
57.5 1.7844
58 1.7844
58.5 1.7844
59 1.7844
59.5 1.7843
60 1.7843
60.5 1.7843
61 1.7843
61.5 1.7843
62 1.7843
62.5 1.7842
63 1.7842
63.5 1.7842
64 1.7842
64.5 1.7842
65 1.7842
65.5 1.7842
66 1.7842
66.5 1.7841
67 1.7841
67.5 1.7841
68 1.7841
68.5 1.7841
69 1.7841
69.5 1.7841
70 1.7841
70.5 1.7841
71 1.7841
71.5 1.7841
72 1.7841
72.5 1.7841
73 1.7841
73.5 1.7841
74 1.7841
74.5 1.7841
75 1.7841
75.5 1.7841
76 1.7841
76.5 1.7841
77 1.7841
77.5 1.7841
78 1.7841
78.5 1.784
79 1.784
79.5 1.784
80 1.784
80.5 1.784
81 1.784
81.5 1.784
82 1.784
82.5 1.784
83 1.784
83.5 1.784
84 1.784
84.5 1.784
85 1.784
85.5 1.784
86 1.784
86.5 1.784
87 1.784
87.5 1.784
88 1.784
88.5 1.784
89 1.784
89.5 1.784
90 1.784
90.5 1.784
91 1.784
91.5 1.784
92 1.784
92.5 1.784
93 1.784
93.5 1.784
94 1.784
94.5 1.784
95 1.784
95.5 1.784
96 1.784
96.5 1.784
97 1.784
97.5 1.784
98 1.784
98.5 1.784
99 1.784
