2 0
2 0
2 0.60988
2 1.0958
2 1.4829
2 1.7913
2 2.037
2 2.2327
2 2.3886
2 2.5128
2 2.6118
2 2.6906
2 2.7534
2 2.8034
2 2.8432
2 2.8749
2 2.9002
2 2.9203
2 2.9363
2 2.9491
2 2.9592
2 2.9673
2 2.9737
2 2.9788
2 2.9829
2 2.9861
2 2.9887
2 2.9907
2 2.9924
2 2.9936
2 2.9947
2 2.9955
2 2.9961
2 2.9966
2 2.997
2 2.9973
2 2.9975
2 2.9977
2 2.9979
2 2.998
2 2.9981
2 2.9982
2 2.9982
2 2.9982
2 2.9983
2 2.9983
2 2.9983
2 2.9983
2 2.9983
2 2.9983
2 2.9983
2 2.9983
2 2.9983
2 2.9983
2 2.9983
2 2.9983
2 2.9983
2 2.9983
2 2.9983
2 2.9983
2 2.9983
2 2.9983
2 2.9983
2 2.9982
2 2.9982
2 2.9982
2 2.9982
2 2.9982
2 2.9982
2 2.9982
2 2.9982
2 2.9982
2 2.9982
2 2.9982
2 2.9982
2 2.9982
2 2.9982
2 2.9982
2 2.9982
2 2.9982
2 2.9982
2 2.9982
2 2.9982
2 2.9982
2 2.9982
2 2.9982
2 2.9982
2 2.9982
2 2.9982
2 2.9982
2 2.9982
2 2.9982
2 2.9982
2 2.9982
2 2.9982
2 2.9982
2 2.9982
2 2.9982
2 2.9982
2 2.9982
2 2.9982
2 2.9982
2 2.9982
2 2.9982
2 2.9982
2 2.9982
2 2.9982
2 2.9982
2 2.9982
2 2.9981
2 2.9981
2 2.9981
2 2.9981
2 2.9981
2 2.9981
2 2.9981
2 2.9981
2 2.9981
2 2.9981
2 2.9981
2 2.9981
2 2.9981
2 2.9981
2 2.9981
2 2.9981
2 2.9981
2 2.9981
2 2.9981
2 2.9981
2 2.9981
2 2.9981
2 2.9981
2 2.9981
2 2.9981
2 2.9981
2 2.9981
2 2.9981
2 2.9981
2 2.9981
2 2.9981
2 2.9981
2 2.9981
2 2.9981
2 2.9981
2 2.9981
2 2.9981
2 2.9981
2 2.9981
2 2.9981
2 2.9981
2 2.9981
2 2.9981
2 2.9981
2 2.9981
2 2.9981
2 2.9981
2 2.9981
2 2.9981
2 2.9981
2 2.9981
2 2.9981
2 2.9981
2 2.9981
2 2.9981
2 2.9981
2 2.9981
2 2.9981
2 2.9981
2 2.9981
2 2.9981
2 2.9981
2 2.9981
2 2.9981
2 2.9981
2 2.9981
2 2.9981
2 2.9981
2 2.9981
2 2.9981
2 2.9981
2 2.9981
2 2.9981
2 2.9981
2 2.9981
2 2.9981
2 2.9981
2 2.9981
2 2.9981
2 2.9981
2 2.9981
2 2.9981
2 2.9981
2 2.9981
2 2.9981
2 2.9981
2 2.9981
2 2.9981
2 2.9981
2 2.9981
2 2.9981
