3 0
3 0
3 0.91482
3 1.6437
3 2.2243
3 2.6869
3 3.0554
3 3.349
3 3.5829
3 3.7692
3 3.9177
3 4.0359
3 4.1301
3 4.2051
3 4.2648
3 4.3124
3 4.3503
3 4.3805
3 4.4045
3 4.4236
3 4.4388
3 4.451
3 4.4606
3 4.4683
3 4.4744
3 4.4792
3 4.4831
3 4.4861
3 4.4885
3 4.4905
3 4.492
3 4.4932
3 4.4941
3 4.4949
3 4.4955
3 4.496
3 4.4963
3 4.4966
3 4.4968
3 4.497
3 4.4971
3 4.4972
3 4.4973
3 4.4974
3 4.4974
3 4.4974
3 4.4975
3 4.4975
3 4.4975
3 4.4975
3 4.4975
3 4.4975
3 4.4975
3 4.4975
3 4.4974
3 4.4974
3 4.4974
3 4.4974
3 4.4974
3 4.4974
3 4.4974
3 4.4974
3 4.4974
3 4.4974
3 4.4974
3 4.4974
3 4.4973
3 4.4973
3 4.4973
3 4.4973
3 4.4973
3 4.4973
3 4.4973
3 4.4973
3 4.4973
3 4.4973
3 4.4973
3 4.4973
3 4.4973
3 4.4973
3 4.4973
3 4.4973
3 4.4973
3 4.4973
3 4.4973
3 4.4973
3 4.4973
3 4.4973
3 4.4973
3 4.4973
3 4.4972
3 4.4972
3 4.4972
3 4.4972
3 4.4972
3 4.4972
3 4.4972
3 4.4972
3 4.4972
3 4.4972
3 4.4972
3 4.4972
3 4.4972
3 4.4972
3 4.4972
3 4.4972
3 4.4972
3 4.4972
3 4.4972
3 4.4972
3 4.4972
3 4.4972
3 4.4972
3 4.4972
3 4.4972
3 4.4972
3 4.4972
3 4.4972
3 4.4972
3 4.4972
3 4.4972
3 4.4972
3 4.4972
3 4.4972
3 4.4972
3 4.4972
3 4.4972
3 4.4972
3 4.4972
3 4.4972
3 4.4972
3 4.4972
3 4.4972
3 4.4972
3 4.4972
3 4.4972
3 4.4972
3 4.4972
3 4.4972
3 4.4972
3 4.4972
3 4.4972
3 4.4972
3 4.4972
3 4.4972
3 4.4972
3 4.4972
3 4.4972
3 4.4972
3 4.4972
3 4.4972
3 4.4972
3 4.4972
3 4.4972
3 4.4972
3 4.4972
3 4.4972
3 4.4972
3 4.4972
3 4.4972
3 4.4972
3 4.4972
3 4.4972
3 4.4972
3 4.4972
3 4.4972
3 4.4972
3 4.4972
3 4.4972
3 4.4972
3 4.4972
3 4.4972
3 4.4972
3 4.4972
3 4.4972
3 4.4972
3 4.4972
3 4.4972
3 4.4972
3 4.4972
3 4.4972
3 4.4972
3 4.4972
3 4.4972
3 4.4972
3 4.4972
3 4.4972
3 4.4972
3 4.4972
3 4.4972
3 4.4972
3 4.4972
3 4.4972
3 4.4972
3 4.4972
3 4.4972
3 4.4972
3 4.4972
3 4.4972
3 4.4972
