4 0
4 0
4 1.2198
4 2.1915
4 2.9657
4 3.5825
4 4.0739
4 4.4654
4 4.7772
4 5.0256
4 5.2235
4 5.3812
4 5.5068
4 5.6068
4 5.6864
4 5.7499
4 5.8004
4 5.8406
4 5.8727
4 5.8982
4 5.9184
4 5.9346
4 5.9475
4 5.9577
4 5.9658
4 5.9723
4 5.9774
4 5.9815
4 5.9847
4 5.9873
4 5.9893
4 5.9909
4 5.9922
4 5.9932
4 5.994
4 5.9946
4 5.9951
4 5.9955
4 5.9958
4 5.996
4 5.9962
4 5.9963
4 5.9964
4 5.9965
4 5.9965
4 5.9966
4 5.9966
4 5.9966
4 5.9966
4 5.9966
4 5.9966
4 5.9966
4 5.9966
4 5.9966
4 5.9966
4 5.9966
4 5.9966
4 5.9966
4 5.9965
4 5.9965
4 5.9965
4 5.9965
4 5.9965
4 5.9965
4 5.9965
4 5.9965
4 5.9965
4 5.9965
4 5.9964
4 5.9964
4 5.9964
4 5.9964
4 5.9964
4 5.9964
4 5.9964
4 5.9964
4 5.9964
4 5.9964
4 5.9964
4 5.9964
4 5.9964
4 5.9964
4 5.9964
4 5.9964
4 5.9964
4 5.9963
4 5.9963
4 5.9963
4 5.9963
4 5.9963
4 5.9963
4 5.9963
4 5.9963
4 5.9963
4 5.9963
4 5.9963
4 5.9963
4 5.9963
4 5.9963
4 5.9963
4 5.9963
4 5.9963
4 5.9963
4 5.9963
4 5.9963
4 5.9963
4 5.9963
4 5.9963
4 5.9963
4 5.9963
4 5.9963
4 5.9963
4 5.9963
4 5.9963
4 5.9963
4 5.9963
4 5.9963
4 5.9963
4 5.9963
4 5.9963
4 5.9963
4 5.9963
4 5.9963
4 5.9963
4 5.9963
4 5.9963
4 5.9963
4 5.9963
4 5.9963
4 5.9963
4 5.9963
4 5.9963
4 5.9963
4 5.9963
4 5.9963
4 5.9963
4 5.9963
4 5.9963
4 5.9963
4 5.9963
4 5.9963
4 5.9963
4 5.9963
4 5.9963
4 5.9963
4 5.9963
4 5.9963
4 5.9963
4 5.9963
4 5.9963
4 5.9963
4 5.9963
4 5.9963
4 5.9963
4 5.9963
4 5.9963
4 5.9963
4 5.9963
4 5.9963
4 5.9963
4 5.9963
4 5.9963
4 5.9963
4 5.9963
4 5.9963
4 5.9963
4 5.9963
4 5.9963
4 5.9963
4 5.9963
4 5.9963
4 5.9963
4 5.9963
4 5.9963
4 5.9963
4 5.9963
4 5.9963
4 5.9963
4 5.9963
4 5.9963
4 5.9963
4 5.9963
4 5.9963
4 5.9963
4 5.9963
4 5.9963
4 5.9963
4 5.9963
4 5.9963
4 5.9963
4 5.9963
4 5.9963
4 5.9963
4 5.9963
4 5.9963
4 5.9963
4 5.9963
4 5.9963
4 5.9963
4 5.9963
