1 0
1 0
1 0.30494
1 0.54788
1 0.74144
1 0.89563
1 1.0185
1 1.1163
1 1.1943
1 1.2564
1 1.3059
1 1.3453
1 1.3767
1 1.4017
1 1.4216
1 1.4375
1 1.4501
1 1.4602
1 1.4682
1 1.4745
1 1.4796
1 1.4837
1 1.4869
1 1.4894
1 1.4915
1 1.4931
1 1.4944
1 1.4954
1 1.4962
1 1.4968
1 1.4973
1 1.4977
1 1.498
1 1.4983
1 1.4985
1 1.4987
1 1.4988
1 1.4989
1 1.4989
1 1.499
1 1.499
1 1.4991
1 1.4991
1 1.4991
1 1.4991
1 1.4991
1 1.4992
1 1.4992
1 1.4992
1 1.4992
1 1.4992
1 1.4992
1 1.4992
1 1.4992
1 1.4991
1 1.4991
1 1.4991
1 1.4991
1 1.4991
1 1.4991
1 1.4991
1 1.4991
1 1.4991
1 1.4991
1 1.4991
1 1.4991
1 1.4991
1 1.4991
1 1.4991
1 1.4991
1 1.4991
1 1.4991
1 1.4991
1 1.4991
1 1.4991
1 1.4991
1 1.4991
1 1.4991
1 1.4991
1 1.4991
1 1.4991
1 1.4991
1 1.4991
1 1.4991
1 1.4991
1 1.4991
1 1.4991
1 1.4991
1 1.4991
1 1.4991
1 1.4991
1 1.4991
1 1.4991
1 1.4991
1 1.4991
1 1.4991
1 1.4991
1 1.4991
1 1.4991
1 1.4991
1 1.4991
1 1.4991
1 1.4991
1 1.4991
1 1.4991
1 1.4991
1 1.4991
1 1.4991
1 1.4991
1 1.4991
1 1.4991
1 1.4991
1 1.4991
1 1.4991
1 1.4991
1 1.4991
1 1.4991
1 1.4991
1 1.4991
1 1.4991
1 1.4991
1 1.4991
1 1.4991
1 1.4991
1 1.4991
1 1.4991
1 1.4991
1 1.4991
1 1.4991
1 1.4991
1 1.4991
1 1.4991
1 1.4991
1 1.4991
1 1.4991
1 1.4991
1 1.4991
1 1.4991
1 1.4991
1 1.4991
1 1.4991
1 1.4991
1 1.4991
1 1.4991
1 1.4991
1 1.4991
1 1.4991
1 1.4991
1 1.4991
1 1.4991
1 1.4991
1 1.4991
1 1.4991
1 1.4991
1 1.4991
1 1.4991
1 1.4991
1 1.4991
1 1.4991
1 1.4991
1 1.4991
1 1.4991
1 1.4991
1 1.4991
1 1.4991
1 1.4991
1 1.4991
1 1.4991
1 1.4991
1 1.4991
1 1.4991
1 1.4991
1 1.4991
1 1.4991
1 1.4991
1 1.4991
1 1.4991
1 1.4991
1 1.4991
1 1.4991
1 1.4991
1 1.4991
1 1.4991
1 1.4991
1 1.4991
1 1.4991
1 1.4991
1 1.4991
1 1.4991
1 1.4991
1 1.4991
1 1.4991
1 1.4991
1 1.4991
1 1.4991
1 1.4991
1 1.4991
1 1.4991
1 1.4991
1 1.4991
