0.1	0.1121564
0.2	0.1121562
0.3	0.1121598
0.4	0.1121636
0.5	0.1121674
0.6	0.1121714
0.7	0.1121756
0.8	0.112176
0.9	0.1121725
1	0.1121688
1.1	0.1121651
1.2	0.1121612
1.3	0.1121572
1.4	0.112157
1.5	0.1121567
1.6	0.1121565
1.7	0.1121562
1.8	0.1121598
1.9	0.1121636
2	0.1121713
2.1	0.1121755
2.2	0.1121797
2.3	0.1121802
2.4	0.1121769
2.5	0.1121734
2.6	0.1121697
2.7	0.112166
2.8	0.1121621
2.9	0.1121581
3	0.1121579
3.1	0.1121576
3.2	0.1121573
3.3	0.1121571
3.4	0.1121607
3.5	0.1121645
3.6	0.1121683
3.7	0.1121724
3.8	0.1121765
3.9	0.1121769
4	0.1121734
4.1	0.1121698
4.2	0.112166
4.3	0.1121621
4.4	0.1121581
4.5	0.1121579
4.6	0.1121576
4.7	0.1121574
4.8	0.1121571
4.9	0.1121607
5	0.1121645
5.1	0.1121684
5.2	0.1121724
5.3	0.1121765
5.4	0.1121769
5.5	0.1121734
5.6	0.1121698
5.7	0.112166
5.8	0.1121621
5.9	0.1121581
6	0.1121579
6.1	0.1121576
6.2	0.1121571
6.3	0.1121607
6.4	0.1121645
6.5	0.1121684
6.6	0.1121724
6.7	0.1121765
6.8	0.1121769
6.9	0.1121734
7	0.1121698
7.1	0.112166
7.2	0.1121622
7.3	0.1121581
7.4	0.1121579
7.5	0.1121576
7.6	0.1121574
7.7	0.1121571
7.8	0.1121608
7.9	0.1121645
8	0.1121684
8.1	0.1121724
8.2	0.1121765
8.3	0.1121769
8.4	0.1121734
8.5	0.0
8.6	0.0
8.7	0.0
8.8	0.0
8.9	0.0
9	0.0
9.1	0.0
9.2	0.0
9.3	0.0
9.4	0.0
9.5	0.0
9.6	0.0
9.7	0.0
9.8	0.0
9.9	0.0
10	0.0
10.1	0.0
10.2	0.0
10.3	0.0
10.4	0.0
10.5	0.0
10.6	0.0
10.7	0.0
10.8	0.0
10.9	0.0
11	0.0
11.1	0.0
11.2	0.0
11.3	0.0
11.4	0.0
11.5	0.0
11.6	0.0
11.7	0.0
11.8	0.0
11.9	0.0
12	0.0
12.1	0.0
12.2	0.0
12.3	0.0
12.4	0.0
12.5	0.0
12.6	0.0
12.7	0.0
12.8	0.0
12.9	0.0
13	0.0
13.1	0.0
13.2	0.0
13.3	0.0
13.4	0.0
13.5	0.0
13.6	0.0
13.7	0.0
13.8	0.0
13.9	0.0
14	0.0
14.1	0.0
14.2	0.0
14.3	0.0
14.4	0.0
14.5	0.0
14.6	0.0
14.7	0.0
14.8	0.0
14.9	0.0
15	0.0
15.1	0.0
15.2	0.0
15.3	0.0
15.4	0.0
15.5	0.0
15.6	0.0
15.7	0.0
15.8	0.0
15.9	0.0
16	0.0
16.1	0.0
16.2	0.0
16.3	0.0
16.4	0.0
16.5	0.0
16.6	0.0
16.7	0.0
16.8	0.0
16.9	0.0
17	0.0
17.1	0.0
17.2	0.0
17.3	0.0
17.4	0.0
17.5	0.0
17.6	0.0
17.7	0.0
17.8	0.0
17.9	0.0
18	0.0
18.1	0.0
18.2	0.0
18.3	0.0
18.4	0.0
18.5	0.0
18.6	0.0
18.7	0.0
18.8	0.0
18.9	0.0
19	0.0
19.1	0.0
19.2	0.0
19.3	0.0
19.4	0.0
19.5	0.0
19.6	0.0
19.7	0.0
19.8	0.0
19.9	0.0
20	0.0
20.1	0.0
20.2	0.0
20.3	0.0
20.4	0.0
20.5	0.0
20.6	0.0
20.7	0.0
20.8	0.0
20.9	0.0
21	0.0
21.1	0.0
21.2	0.0
21.3	0.0
21.4	0.0
21.5	0.0
21.6	0.0
21.7	0.0
21.8	0.0
21.9	0.0
22	0.0
22.1	0.0
22.2	0.0
22.3	0.0
22.4	0.0
22.5	0.0
22.6	0.0
22.7	0.0
22.8	0.0
22.9	0.0
23	0.0
23.1	0.0
23.2	0.0
23.3	0.0
23.4	0.0
23.5	0.0
23.6	0.0
23.7	0.0
23.8	0.0
23.9	0.0
24	0.0
24.1	0.0
24.2	0.0
24.3	0.0
24.4	0.0
24.5	0.0
24.6	0.0
24.7	0.0
24.8	0.0
24.9	0.0
25	0.0
25.1	0.0
25.2	0.0
25.3	0.0
25.4	0.0
25.5	0.0
25.6	0.0
25.7	0.0
25.8	0.0
25.9	0.0
26	0.0
26.1	0.0
26.2	0.0
26.3	0.0
26.4	0.0
26.5	0.0
26.6	0.0
26.7	0.0
26.8	0.0
26.9	0.0
27	0.0
27.1	0.0
27.2	0.0
27.3	0.0
27.4	0.0
27.5	0.0
27.6	0.0
27.7	0.0
27.8	0.0
27.9	0.0
28	0.0
28.1	0.0
28.2	0.0
28.3	0.0
28.4	0.0
28.5	0.0
28.6	0.0
28.7	0.0
28.8	0.0
28.9	0.0
29	0.0
29.1	0.0
29.2	0.0
29.3	0.0
29.4	0.0
29.5	0.0
29.6	0.0
29.7	0.0
29.8	0.0
29.9	0.0
30	0.0
30.1	0.0
30.2	0.0
30.3	0.0
30.4	0.0
30.5	0.0
30.6	0.0
30.7	0.0
30.8	0.0
30.9	0.0
31	0.0
31.1	0.0
31.2	0.0
31.3	0.0
31.4	0.0
31.5	0.0
31.6	0.0
31.7	0.0
31.8	0.0
31.9	0.0
32	0.0
32.1	0.0
32.2	0.0
32.3	0.0
32.4	0.0
32.5	0.0
32.6	0.0
32.7	0.0
32.8	0.0
32.9	0.0
33	0.0
33.1	0.0
33.2	0.0
33.3	0.0
33.4	0.0
33.5	0.0
33.6	0.0
33.7	0.0
33.8	0.0
33.9	0.0
34	0.0
34.1	0.0
34.2	0.0
34.3	0.0
34.4	0.0
34.5	0.0
34.6	0.0
34.7	0.0
34.8	0.0
34.9	0.0
35	0.0
35.1	0.0
35.2	0.0
35.3	0.0
35.4	0.0
35.5	0.0
35.6	0.0
35.7	0.0
35.8	0.0
35.9	0.0
36	0.0
36.1	0.0
36.2	0.0
36.3	0.0
36.4	0.0
36.5	0.0
36.6	0.0
36.7	0.0
36.8	0.0
36.9	0.0
37	0.0
37.1	0.0
37.2	0.0
37.3	0.0
37.4	0.0
37.5	0.0
37.6	0.0
37.7	0.0
37.8	0.0
37.9	0.0
38	0.0
38.1	0.0
38.2	0.0
38.3	0.0
38.4	0.0
38.5	0.0
38.6	0.0
38.7	0.0
38.8	0.0
38.9	0.0
39	0.0
39.1	0.0
39.2	0.0
39.3	0.0
39.4	0.0
39.5	0.0
39.6	0.0
39.7	0.0
39.8	0.0
39.9	0.0
40	0.0
40.1	0.0
40.2	0.0
40.3	0.0
40.4	0.0
40.5	0.0
40.6	0.0
40.7	0.0
40.8	0.0
40.9	0.0
41	0.0
41.1	0.0
41.2	0.0
41.3	0.0
41.4	0.0
41.5	0.0
41.6	0.0
41.7	0.0
41.8	0.0
41.9	0.0
42	0.0
42.1	0.0
42.2	0.0
42.3	0.0
42.4	0.0
42.5	0.0
42.6	0.0
42.7	0.0
42.8	0.0
42.9	0.0
43	0.0
43.1	0.0
43.2	0.0
43.3	0.0
43.4	0.0
43.5	0.0
43.6	0.0
43.7	0.0
43.8	0.0
43.9	0.0
44	0.0
44.1	0.0
44.2	0.0
44.3	0.0
44.4	0.0
44.5	0.0
44.6	0.0
44.7	0.0
44.8	0.0
44.9	0.0
45	0.0
45.1	0.0
45.2	0.0
45.3	0.0
45.4	0.0
45.5	0.0
45.6	0.0
45.7	0.0
45.8	0.0
45.9	0.0
46	0.0
46.1	0.0000896
46.2	0.0008832
46.3	0.0023844
46.4	0.0045735
46.5	0.0073103
46.6	0.010446
46.7	0.0138346
46.8	0.0173493
46.9	0.0208944
47	0.0243987
47.1	0.0278125
47.2	0.0311128
47.3	0.0342801
47.4	0.0373145
47.5	0.0402131
47.6	0.0429851
47.7	0.0456291
47.8	0.04816
47.9	0.0505783
48	0.0528927
48.1	0.0551053
48.2	0.0572264
48.3	0.0592595
48.4	0.0612127
48.5	0.0630907
48.6	0.0648953
48.7	0.0666326
48.8	0.0683013
48.9	0.0699009
49	0.0714348
49.1	0.0729073
49.2	0.0743188
49.3	0.0756706
49.4	0.076968
49.5	0.078213
49.6	0.0794078
49.7	0.0805553
49.8	0.0816585
49.9	0.0827209
50	0.0837387
50.1	0.0847198
50.2	0.0856609
50.3	0.0865666
50.4	0.0874343
50.5	0.088269
50.6	0.0890686
50.7	0.0898348
50.8	0.0905696
50.9	0.0912754
51	0.0919508
51.1	0.0925985
51.2	0.0932214
51.3	0.0938188
51.4	0.0943901
51.5	0.0949388
51.6	0.0954646
51.7	0.0959715
51.8	0.0964595
51.9	0.096929
52	0.0973805
52.1	0.0978145
52.2	0.0982278
52.3	0.098625
52.4	0.0990071
52.5	0.0993752
52.6	0.0997265
52.7	0.1000624
52.8	0.100384
52.9	0.1006891
53	0.1009829
53.1	0.1012671
53.2	0.1015398
53.3	0.1018028
53.4	0.102058
53.5	0.1023036
53.6	0.102538
53.7	0.1027631
53.8	0.1029774
53.9	0.103183
54	0.1033784
54.1	0.103566
54.2	0.1037444
54.3	0.1039161
54.4	0.1040836
54.5	0.1042459
54.6	0.1044017
54.7	0.1045539
54.8	0.1046974
54.9	0.1048351
55	0.104966
55.1	0.1050889
55.2	0.1052069
55.3	0.1053189
55.4	0.105428
55.5	0.1055334
55.6	0.1056383
55.7	0.1057419
55.8	0.1058398
55.9	0.1060233
56	0.1061075
56.1	0.106187
56.2	0.1062613
56.3	0.1063335
56.4	0.1064032
56.5	0.1064698
56.6	0.1065329
56.7	0.1065919
56.8	0.1066502
56.9	0.1067035
57	0.1067591
57.1	0.1068129
57.2	0.1068684
57.3	0.1069213
57.4	0.1069714
57.5	0.1070183
57.6	0.1070654
57.7	0.1071086
57.8	0.1071476
57.9	0.1071858
58	0.107223
58.1	0.1072589
58.2	1.0
58.3	1.0
58.4	1.0
58.5	1.0
58.6	1.0
58.7	1.0
58.8	1.0
58.9	1.0
59	1.0
59.1	1.0
59.2	1.0
59.3	1.0
59.4	1.0
59.5	1.0
59.6	1.0
59.7	1.0
59.8	1.0
59.9	1.0
60	1.0
60.1	1.0
60.2	1.0
60.3	1.0
60.4	1.0
60.5	1.0
60.6	1.0
60.7	1.0
60.8	1.0
60.9	1.0
61	1.0
61.1	1.0
61.2	1.0
61.3	1.0
61.4	1.0
61.5	1.0
61.6	1.0
61.7	1.0
61.8	1.0
61.9	1.0
62	1.0
62.1	1.0
62.2	1.0
62.3	1.0
62.4	1.0
62.5	1.0
62.6	1.0
62.7	1.0
62.8	1.0
62.9	1.0
63	1.0
63.1	1.0
63.2	1.0
63.3	0.9995794
63.4	0.9919543
63.5	0.9771161
63.6	0.9551406
63.7	0.9275532
63.8	0.8959336
63.9	0.861908
64	0.8268352
64.1	0.7917795
64.2	0.757493
64.3	0.7244549
64.4	0.6929269
64.5	0.6630056
64.6	0.6346812
64.7	0.6078792
64.8	0.5824864
64.9	0.5583868
65	0.5354621
65.1	0.5136073
65.2	0.4927342
65.3	0.4727695
65.4	0.4536476
65.5	0.4353228
65.6	0.4177504
65.7	0.4008989
65.8	0.3847315
65.9	0.369225
66	0.3543513
66.1	0.3400886
66.2	0.3264073
66.3	0.3132879
66.4	0.3007073
66.5	0.288642
66.6	0.2770717
66.7	0.2659727
66.8	0.2553291
66.9	0.2451177
67	0.2353232
67.1	0.2259274
67.2	0.2169124
67.3	0.2082653
67.4	0.1999665
67.5	0.1920052
67.6	0.1843637
67.7	0.1770301
67.8	0.1699934
67.9	0.1632404
68	0.156756
68.1	0.1505339
68.2	0.1445584
68.3	0.1388234
68.4	0.1333209
68.5	0.1280372
68.6	0.1229644
68.7	0.1180931
68.8	0.1134199
68.9	0.1089323
69	0.1046238
69.1	0.1004867
69.2	0.0965156
69.3	0.0927
69.4	0.0890358
69.5	0.0855176
69.6	0.0821391
69.7	0.0788967
69.8	0.0757817
69.9	0.0727921
70	0.0699212
70.1	0.0671651
70.2	0.0645152
70.3	0.0619696
70.4	0.0595256
70.5	0.0571798
70.6	0.0549279
70.7	0.052765
70.8	0.0506854
70.9	0.0486904
71	0.0467729
71.1	0.0449291
71.2	0.0431584
71.3	0.0414596
71.4	0.0398271
71.5	0.0382588
71.6	0.0367517
71.7	0.0353065
71.8	0.0339156
71.9	0.0325824
72	0.0313024
72.1	0.0300704
72.2	0.0288887
72.3	0.0277513
72.4	0.0266597
72.5	0.0256112
72.6	0.0246026
72.7	0.0236343
72.8	0.021815
72.9	0.0209595
73	0.0201352
73.1	0.019345
73.2	0.0185837
73.3	0.0178534
73.4	0.0171524
73.5	0.0164788
73.6	0.0158301
73.7	0.0152077
73.8	0.014609
73.9	0.0140348
74	0.0134823
74.1	0.0129518
74.2	0.012444
74.3	0.0119551
74.4	0.0114853
74.5	0.0110346
74.6	0.0106026
74.7	0.0101853
74.8	0.0097859
74.9	0.0093999
75	0.0090305
75.1	0.0086769
75.2	0.0083379
75.3	0.0080127
75.4	0.0076998
75.5	0.0073982
75.6	0.0071061
75.7	0.0068261
75.8	0.0065564
75.9	0.0062992
76	0.0060528
76.1	0.0058154
76.2	0.0055889
76.3	0.0053713
76.4	0.0051604
76.5	0.0049581
76.6	0.0047619
76.7	0.0045736
76.8	0.0043945
76.9	0.0042223
77	0.0040546
77.1	0.0038964
77.2	0.0037416
77.3	0.003595
77.4	0.003454
77.5	0.0033198
77.6	0.0031898
77.7	0.0030648
77.8	0.0029459
77.9	0.0028302
78	0.0027187
78.1	0.0026122
78.2	0.0025078
78.3	0.00241
78.4	0.0023159
78.5	0.0022262
78.6	0.0021379
78.7	0.0020555
78.8	0.0019757
78.9	0.0018994
79	0.0018231
79.1	0.0017514
79.2	0.001681
79.3	0.0016162
79.4	0.0015538
79.5	0.0014944
79.6	0.0014345
79.7	0.0013784
79.8	0.0013228
79.9	0.0012719
80	0.0012223
80.1	0.0011744
80.2	0.0011286
80.3	0.0010853
80.4	0.001041
80.5	0.0009998
80.6	0.0009582
80.7	0.0009204
80.8	0.0008828
80.9	0.0008496
81	0.0008173
81.1	0.0007862
81.2	0.0007564
81.3	0.0007283
81.4	0.0006982
81.5	0.0006702
81.6	0.0006445
81.7	0.0006174
81.8	0.000593
81.9	0.0005676
82	0.0005453
82.1	0.0005224
82.2	0.0005029
82.3	0.0004833
82.4	0.0004636
82.5	0.0004439
82.6	0.0004284
82.7	0.0004132
82.8	0.0003987
82.9	0.0003848
83	0.0003718
83.1	0.0003558
83.2	0.0003408
83.3	0.0003269
83.4	0.0003142
83.5	0.0003028
83.6	0.000289
83.7	0.0002767
83.8	0.0002659
83.9	0.0002569
84	0.0002458
84.1	0.0002366
84.2	0.0002255
84.3	0.0002163
84.4	0.0002093
84.5	0.0002006
84.6	0.0001941
84.7	0.0001861
84.8	0.0001804
84.9	0.0001733
85	0.0001649
85.1	0.0001589
85.2	0.0001517
85.3	0.000147
85.4	0.0001412
85.5	0.0001343
85.6	0.0001301
85.7	0.0001249
85.8	0.0001187
85.9	0.0001153
86	0.000111
86.1	0.0001059
86.2	0.0000998
86.3	0.0000968
86.4	0.000093
86.5	0.0000884
86.6	0.0000869
86.7	0.0000848
86.8	0.0000821
86.9	0.0000787
87	0.0000747
87.1	0.0000701
87.2	0.0000687
87.3	0.0000668
87.4	0.0000644
87.5	0.0000614
87.6	0.000058
87.7	0.0000541
87.8	0.0000535
87.9	0.0000525
88	0.0000512
88.1	0.0000495
88.2	0.0000474
88.3	0.0000449
88.4	0.0000421
88.5	0.0000388
88.6	0.0000352
88.7	0.0000351
88.8	0.0000347
88.9	0.0000332
89	0.0000332
89.1	0.000032
89.2	0.000029
89.3	0.000029
89.4	0.0000249
89.5	0.0000225
89.6	0.0000225
89.7	0.0000208
89.8	0.0000216
89.9	0.0000223
90	0.0000229
90.1	0.0000233
90.2	0.0000236
90.3	0.0000238
90.4	0.0000239
90.5	0.0000238
90.6	0.0000236
90.7	0.0000233
90.8	0.0000229
90.9	0.0000223
91	0.0000216
91.1	0.0000208
91.2	0.0000198
91.3	0.0000187
91.4	0.0000175
91.5	0.0000162
91.6	0.0000147
91.7	0.0000131
91.8	0.0000114
91.9	0.0000096
92	0.0000076
92.1	0.0000055
92.2	0.0000033
92.3	0.0000048
92.4	0.0000063
92.5	0.0000078
92.6	0.0000094
92.7	0.0000109
92.8	0.0000124
92.9	0.0000101
93	0.0000076
93.1	0.000005
93.2	0.0000023
93.3	0.0000033
93.4	0.0000043
93.5	0.0000053
93.6	0.0000063
93.7	0.0000073
93.8	0.0000084
93.9	0.0000094
94	0.0000104
94.1	0.0000114
94.2	0.0000085
94.3	0.0000056
94.4	0.0000024
94.5	0.0000031
94.6	0.0000037
94.7	0.0000044
94.8	0.000005
94.9	0.0000056
95	0.0000063
95.1	0.0000069
95.2	0.0000075
95.3	0.0000082
95.4	0.0000088
95.5	0.0000094
95.6	0.0000101
95.7	0.0000107
95.8	0.0000075
95.9	0.0000041
96	0.0000006
96.1	0.0000009
96.2	0.0000011
96.3	0.0000014
96.4	0.0000016
96.5	0.0000019
96.6	0.0000021
96.7	0.0000024
96.8	0.0000026
96.9	0.0000029
97	0.0000031
97.1	0.0000034
97.2	0.0000037
97.3	0.0000039
97.4	0.0000042
97.5	0.0000044
97.6	0.0000047
97.7	0.0000049
97.8	0.0000052
97.9	0.0000054
98	0.0000057
98.1	0.0000059
98.2	0.0000062
98.3	0.0000065
98.4	0.0000067
98.5	0.000007
98.6	0.0000072
98.7	0.0000075
98.8	0.0000077
98.9	0.000008
99	0.0000082
99.1	0.0000085
99.2	0.0000087
99.3	0.000009
99.4	0.0000092
99.5	0.0000095
99.6	0.0000059
99.7	0.0000021
99.8	0.0
99.9	0.0
100	0.0000387
100.1	0.0005168
100.2	0.0018561
100.3	0.0044565
100.4	0.0084743
100.5	0.0137905
100.6	0.0200166
100.7	0.0265994
100.8	0.0329664
100.9	0.0386542
101	0.0434058
101.1	0.0471895
101.2	0.050175
101.3	0.0526554
101.4	0.0549576
101.5	0.05735
101.6	0.0599936
101.7	0.0629112
101.8	0.0660173
101.9	0.0691617
102	0.0721772
102.1	0.0749337
102.2	0.0773672
102.3	0.0794814
102.4	0.0813387
102.5	0.0830391
102.6	0.084682
102.7	0.0863433
102.8	0.0880585
102.9	0.0898257
103	0.0916079
103.1	0.0933475
103.2	0.0949965
103.3	0.0965209
103.4	0.0979052
103.5	0.0991605
103.6	0.1003141
103.7	0.1014059
103.8	0.1024654
103.9	0.1035156
104	0.1045646
104.1	0.1056053
104.2	0.1066263
104.3	0.1076084
104.4	0.1085393
104.5	0.1094101
104.6	0.1102235
104.7	0.1109784
104.8	0.1116891
104.9	0.1123627
105	0.1130144
105.1	0.113652
105.2	0.1142759
105.3	0.1148827
105.4	0.1154726
105.5	0.1160381
105.6	0.117088
105.7	0.1175683
105.8	0.11802
105.9	0.1184467
106	0.1188524
106.1	0.1192411
106.2	0.1196168
106.3	0.11998
106.4	0.120335
106.5	0.1206744
106.6	0.1210025
106.7	0.1213157
106.8	0.1216142
106.9	0.1218984
107	0.1221685
107.1	0.1224248
107.2	0.1226712
107.3	0.1229084
107.4	0.1231327
107.5	0.1233483
107.6	0.1235517
107.7	0.1237431
107.8	0.1239267
107.9	0.0
108	0.0
108.1	0.0
108.2	0.0
108.3	0.0
108.4	0.0
108.5	0.0
108.6	0.0
108.7	0.0
108.8	0.0
108.9	0.0
109	0.0
109.1	0.0
109.2	0.0
109.3	0.0
109.4	0.0
109.5	0.0
109.6	0.0
109.7	0.0
109.8	0.0
109.9	0.0
110	0.0
110.1	0.0
110.2	0.0
110.3	0.0
110.4	0.0
110.5	0.0
110.6	0.0
110.7	0.0
110.8	0.0
110.9	0.0
111	0.0
111.1	0.0
111.2	0.0
111.3	0.0
111.4	0.0
111.5	0.0
111.6	0.0
111.7	0.0
111.8	0.0
111.9	0.0
112	0.0
112.1	0.0
112.2	0.0
112.3	0.0
112.4	0.0
112.5	0.0
112.6	0.0
112.7	0.0
112.8	0.0
112.9	0.0
113	0.0
113.1	0.0
113.2	0.0
113.3	0.0
113.4	0.0
113.5	0.0
113.6	0.0
113.7	0.0
113.8	0.0
113.9	0.0
114	0.0
114.1	0.0
114.2	0.0
114.3	0.0
114.4	0.0
114.5	0.000164
114.6	0.0058799
114.7	0.0171313
114.8	0.0338607
114.9	0.0549388
115	0.0792036
115.1	0.1054811
115.2	0.1327868
115.3	0.1603484
115.4	0.1876068
115.5	0.2141957
115.6	0.239887
115.7	0.2645717
115.8	0.2882102
115.9	0.3108103
116	0.3324101
116.1	0.3530626
116.2	0.3728206
116.3	0.3917327
116.4	0.4098506
116.5	0.4272175
116.6	0.4438713
116.7	0.4598479
116.8	0.4751737
116.9	0.4898763
117	0.5039766
117.1	0.5175004
117.2	0.5304667
117.3	0.5428946
117.4	0.5548037
117.5	0.5662099
117.6	0.5771329
117.7	0.5875885
117.8	0.597596
117.9	0.6071706
118	0.6163305
118.1	0.6250899
118.2	0.633462
118.3	0.6414589
118.4	0.6490995
118.5	0.6563939
118.6	0.6633549
118.7	0.6699977
118.8	0.6763325
118.9	0.6823715
119	0.6881255
119.1	0.6936035
119.2	0.6988204
119.3	0.7037818
119.4	0.7085025
119.5	0.7129881
119.6	0.7172495
119.7	0.7212916
119.8	0.7248611
119.9	0.7262471
120	0.7236997
120.1	0.7155818
120.2	0.701189
120.3	0.6808009
120.4	0.6556715
120.5	0.6276417
120.6	0.598742
120.7	0.5707623
120.8	0.5449854
120.9	0.5220525
121	0.501995
121.1	0.4843962
121.2	0.4685818
121.3	0.4538416
121.4	0.4395874
121.5	0.4254361
121.6	0.4112474
121.7	0.3970706
121.8	0.3830888
121.9	0.369526
122	0.3565906
122.1	0.3444161
122.2	0.3330467
122.3	0.3224463
122.4	0.3125224
122.5	0.2942275
122.6	0.2856441
122.7	0.2773486
122.8	0.2693169
122.9	0.2615511
123	0.2540732
123.1	0.2469094
123.2	0.2400793
123.3	0.2335874
123.4	0.2274309
123.5	0.221595
123.6	0.2160527
123.7	0.2107802
123.8	0.2057489
123.9	0.2009371
124	0.1963302
124.1	0.1919212
124.2	0.1876988
124.3	0.1836632
124.4	0.1798109
124.5	0.1761382
124.6	0.1726415
124.7	0.1693097
124.8	0.1661389
124.9	0.1631214
125	0.1602454
125.1	0.1575069
125.2	0.1548938
125.3	0.1523978
125.4	0.1500182
125.5	0.1477467
125.6	0.1455826
125.7	0.1435175
125.8	0.1415507
125.9	0.1396779
126	0.1378945
126.1	0.1362
126.2	0.1345862
126.3	0.1330526
126.4	0.1315908
126.5	0.1301965
126.6	0.128869
126.7	0.1276041
126.8	0.1264013
126.9	0.1252565
127	0.1241693
127.1	0.1231317
127.2	0.1221473
127.3	0.1212083
127.4	0.1203184
127.5	0.1194699
127.6	0.1186666
127.7	0.1179009
127.8	0.1171729
127.9	0.116479
128	0.1158193
128.1	0.115194
128.2	0.1145999
128.3	0.1140334
128.4	0.113495
128.5	0.1129853
128.6	0.112505
128.7	0.1120471
128.8	0.1116124
128.9	0.1112016
129	0.1108119
129.1	0.1104403
129.2	0.1100877
129.3	0.1097553
129.4	0.1094404
129.5	0.1091404
129.6	0.1088563
129.7	0.1085857
129.8	0.1083299
129.9	0.1080866
130	0.1078532
130.1	0.1076312
130.2	0.1074223
130.3	0.1072282
130.4	0.1070428
130.5	0.1068719
130.6	0.1067097
130.7	0.1065579
130.8	0.1064148
130.9	0.1062783
131	0.1061465
131.1	0.1060215
131.2	0.1059015
131.3	0.1057885
131.4	0.105681
131.5	0.105581
131.6	0.1054872
131.7	0.1054018
131.8	0.1053235
131.9	0.1052508
132	0.1051824
132.1	0.1051168
132.2	0.1050527
132.3	0.1049926
132.4	0.1049351
132.5	0.1048829
132.6	0.104831
132.7	0.1047819
132.8	0.1047384
132.9	0.1046956
133	0.1046563
133.1	0.1046193
133.2	0.1045877
133.3	0.1045565
133.4	0.1045287
133.5	0.1044996
133.6	0.1044757
133.7	0.1044526
133.8	0.1044331
133.9	0.1044127
134	0.1043944
134.1	0.1043773
134.2	0.1043607
134.3	0.1043477
134.4	0.1043338
134.5	0.1043222
134.6	0.1043121
134.7	0.104303
134.8	0.1042943
134.9	0.1042852
135	0.104279
135.1	0.1042714
135.2	0.1042655
135.3	0.104261
135.4	0.1042571
135.5	0.1042536
135.6	0.1042498
135.7	0.1042452
135.8	0.1042432
135.9	0.1042396
136	0.1042377
136.1	0.1042371
136.2	0.1042375
136.3	0.1042385
136.4	0.1042396
136.5	0.1042406
136.6	0.1042409
136.7	0.1042404
136.8	0.1042423
136.9	0.1042427
137	0.1042411
137.1	0.1042411
137.2	0.1042423
137.3	0.1042445
137.4	0.1042475
137.5	0.104251
137.6	0.1042547
137.7	0.1042585
137.8	0.104262
137.9	0.104265
138	0.1042672
138.1	0.1042684
138.2	0.1042684
138.3	0.1042706
138.4	0.1042713
138.5	0.1042739
138.6	0.1042783
138.7	0.1042806
138.8	0.1042844
138.9	0.1042856
139	0.1042879
139.1	0.1042911
139.2	0.1042913
139.3	0.1042921
139.4	0.1042933
139.5	0.1042948
139.6	0.1043004
139.7	0.1043062
139.8	0.1043121
139.9	0.1043178
140	0.1043196
140.1	0.1043208
140.2	0.1043215
140.3	0.1043215
140.4	0.1043268
140.5	0.1043281
140.6	0.1043321
140.7	0.1043351
140.8	0.1043369
140.9	0.1043373
141	0.1043402
141.1	0.1043416
141.2	0.1043453
141.3	0.1043474
141.4	0.1043516
141.5	0.1043542
141.6	0.1043588
141.7	0.1043615
141.8	0.1043622
141.9	0.1043609
142	0.1043612
142.1	0.1043593
142.2	0.1043589
142.3	0.1043601
142.4	0.1043589
142.5	0.1043591
142.6	0.1043607
142.7	0.1043637
142.8	0.104368
142.9	0.1043699
143	0.1043731
143.1	0.1043737
143.2	0.1043754
143.3	0.1043783
143.4	0.1043784
143.5	0.1043796
143.6	0.1043778
143.7	0.104377
143.8	0.1043771
143.9	0.104378
144	0.1043799
144.1	0.1043826
144.2	0.1043862
144.3	0.1043907
144.4	0.1043923
144.5	0.1043946
144.6	0.1043976
144.7	0.1043975
144.8	0.1043981
144.9	0.1043993
145	0.1044012
145.1	0.1043998
145.2	0.1043989
145.3	0.1043985
145.4	0.1043986
145.5	0.1043992
145.6	0.1044004
145.7	0.1044021
145.8	0.1044042
145.9	0.1044069
146	0.1044101
146.1	0.1044137
146.2	0.1044141
146.3	0.1044148
146.4	0.1044158
146.5	0.1044173
146.6	0.1044191
146.7	0.1044175
146.8	0.1044161
146.9	0.104415
147	0.1044141
147.1	0.1044096
147.2	0.1044091
147.3	0.1044088
147.4	0.1044088
147.5	0.1044091
147.6	0.1044096
147.7	0.1044103
147.8	0.1044114
147.9	0.1044126
148	0.1044142
148.1	0.1044159
148.2	0.104418
148.3	0.1044203
148.4	0.1044228
148.5	0.1044256
148.6	0.1044286
148.7	0.1044281
148.8	0.1044276
148.9	0.1044273
149	0.1044271
149.1	0.104427
149.2	0.1044271
149.3	0.1044234
149.4	0.1044197
149.5	0.1044161
149.6	0.1044124
149.7	0.1044126
149.8	0.1044129
149.9	0.1044172
150	0.1044179
150.1	0.1044188
150.2	0.1044197
150.3	0.1044169
150.4	0.1044141
150.5	0.1044152
150.6	0.1044164
150.7	0.1044177
150.8	0.1044192
150.9	0.1044208
151	0.1044225
151.1	0.1044243
151.2	0.1044224
151.3	0.1044205
151.4	0.1044186
151.5	0.1044167
151.6	0.1044148
151.7	0.1044129
151.8	0.1044149
151.9	0.104417
152	0.1044192
152.1	0.1044215
152.2	0.104424
152.3	0.1044266
152.4	0.1044294
152.5	0.1044284
152.6	0.1044273
152.7	0.1044263
152.8	0.1044253
152.9	0.1044243
153	0.1044233
153.1	0.1044223
153.2	0.1044213
153.3	0.1044202
153.4	0.1044192
153.5	0.1044182
153.6	0.1044172
153.7	0.1044201
153.8	0.1044231
153.9	0.1044262
154	0.1044294
154.1	0.1044328
154.2	0.1044324
154.3	0.104432
154.4	0.1044316
154.5	0.1044312
154.6	0.104427
154.7	0.1044226
154.8	0.1044181
154.9	0.1044134
155	0.1044125
155.1	0.1044116
155.2	0.1044107
155.3	0.1044098
155.4	0.1044089
155.5	0.1044081
155.6	0.1044072
155.7	0.1044063
155.8	0.1044093
155.9	0.1044124
156	0.1044156
156.1	0.104419
156.2	0.1044186
156.3	0.1044182
156.4	0.1044178
156.5	0.1044174
156.6	0.104417
156.7	0.1044167
156.8	0.1044163
156.9	0.1044159
157	0.1044155
157.1	0.1044151
157.2	0.1044147
157.3	0.1044143
157.4	0.1044139
157.5	0.1044136
157.6	0.1044132
157.7	1.0
157.8	1.0
157.9	1.0
158	0.9386129
158.1	0.8706357
158.2	0.7960582
158.3	0.7268651
158.4	0.6647689
158.5	0.6115258
158.6	0.5665967
158.7	0.5290608
158.8	0.4976032
158.9	0.4709535
159	0.4479594
159.1	0.4276817
159.2	0.4093864
159.3	0.39253
159.4	0.3767316
159.5	0.3617374
159.6	0.3473841
159.7	0.3335743
159.8	0.3202577
159.9	0.3074062
160	0.2950071
160.1	0.2830518
160.2	0.2715404
160.3	0.249827
160.4	0.239611
160.5	0.2298107
160.6	0.2204082
160.7	0.2113943
160.8	0.2027534
160.9	0.1944711
161	0.1865305
161.1	0.1789199
161.2	0.1716253
161.3	0.1646306
161.4	0.1579248
161.5	0.1514952
161.6	0.1453306
161.7	0.1394222
161.8	0.1337551
161.9	0.1283207
162	0.1231083
162.1	0.1181098
162.2	0.1133152
162.3	0.1087173
162.4	0.1043071
162.5	0.1000782
162.6	0.0960193
162.7	0.0921251
162.8	0.0883893
162.9	0.0848085
163	0.0813741
163.1	0.0780803
163.2	0.0749205
163.3	0.071887
163.4	0.0689786
163.5	0.0661858
163.6	0.0635059
163.7	0.0609353
163.8	0.0584696
163.9	0.0561039
164	0.053836
164.1	0.0516596
164.2	0.0495713
164.3	0.0475669
164.4	0.0456459
164.5	0.043803
164.6	0.0420325
164.7	0.0403356
164.8	0.0387057
164.9	0.0371429
165	0.0356434
165.1	0.0342027
165.2	0.0328197
165.3	0.031493
165.4	0.0302208
165.5	0.0290007
165.6	0.0278302
165.7	0.0267064
165.8	0.0256296
165.9	0.0245963
166	0.0236025
166.1	0.0226516
166.2	0.021739
166.3	0.0208637
166.4	0.0200206
166.5	0.0192119
166.6	0.0184358
166.7	0.0176902
166.8	0.0169769
166.9	0.0162933
167	0.0156368
167.1	0.0150083
167.2	0.0144048
167.3	0.013823
167.4	0.0132671
167.5	0.0127296
167.6	0.0122144
167.7	0.0117213
167.8	0.0112464
167.9	0.010793
168	0.0103568
168.1	0.0099411
168.2	0.0095412
168.3	0.0091562
168.4	0.0087888
168.5	0.0084342
168.6	0.0080948
168.7	0.0077693
168.8	0.0074563
168.9	0.0071542
169	0.0068651
169.1	0.0065873
169.2	0.0063229
169.3	0.0060661
169.4	0.0058226
169.5	0.0055865
169.6	0.0053634
169.7	0.0051473
169.8	0.0049398
169.9	0.0047422
170	0.0045524
170.1	0.0043677
170.2	0.0041896
170.3	0.0040192
170.4	0.0038578
170.5	0.0037029
170.6	0.0035555
170.7	0.003413
170.8	0.0032763
170.9	0.0031426
171	0.0030166
171.1	0.0028956
171.2	0.0027803
171.3	0.0026678
171.4	0.0025589
171.5	0.0024543
171.6	0.0023548
171.7	0.0022612
171.8	0.0021703
171.9	0.0020827
172	0.0019992
172.1	0.0019203
172.2	0.0018428
172.3	0.0017672
172.4	0.001694
172.5	0.0016238
172.6	0.0015569
172.7	0.0014941
172.8	0.0014356
172.9	0.0013783
173	0.0013224
173.1	0.0012684
173.2	0.0012165
173.3	0.0011673
173.4	0.0011211
173.5	0.0010783
173.6	0.0010353
173.7	0.0009924
173.8	0.0009538
173.9	0.000916
174	0.0008792
174.1	0.0008436
174.2	0.0008096
174.3	0.0007774
174.4	0.0007472
174.5	0.0007154
174.6	0.000686
174.7	0.0006593
174.8	0.0006317
174.9	0.0006071
175	0.0005819
175.1	0.0005602
175.2	0.0005382
175.3	0.0005162
175.4	0.0004943
175.5	0.0004725
175.6	0.0004511
175.7	0.000434
175.8	0.0004176
175.9	0.000402
176	0.0003874
176.1	0.0003739
176.2	0.0003577
176.3	0.0003426
176.4	0.000329
176.5	0.0003168
176.6	0.0003023
176.7	0.0002894
176.8	0.0002782
176.9	0.000265
177	0.0002536
177.1	0.0002442
177.2	0.000233
177.3	0.0002239
177.4	0.0002131
177.5	0.0002046
177.6	0.0001985
177.7	0.0001909
177.8	0.0001819
177.9	0.0001754
178	0.0001677
178.1	0.0001625
178.2	0.0001562
178.3	0.0001488
178.4	0.0001441
178.5	0.0001384
178.6	0.0001316
178.7	0.0001278
178.8	0.000123
178.9	0.0001173
179	0.0001108
179.1	0.0001072
179.2	0.0001029
179.3	0.0000978
179.4	0.000092
179.5	0.0000892
179.6	0.0000859
179.7	0.0000819
179.8	0.0000772
179.9	0.0000758
180	0.0000739
180.1	0.0000715
180.2	0.0000651
180.3	0.0000612
180.4	0.0000567
180.5	0.0000557
180.6	0.0000542
180.7	0.0000524
180.8	0.0000501
180.9	0.0000475
181	0.0000445
181.1	0.0000412
181.2	0.0000413
181.3	0.0000412
181.4	0.0000408
181.5	0.0000401
181.6	0.0000393
181.7	0.0000381
181.8	0.0000367
181.9	0.0000351
182	0.0000331
182.1	0.000031
182.2	0.0000286
182.3	0.0000259
182.4	0.000023
182.5	0.0000237
182.6	0.0000242
182.7	0.0000247
182.8	0.000025
182.9	0.0000252
183	0.0000253
183.1	0.0000252
183.2	0.000025
183.3	0.0000247
183.4	0.0000242
183.5	0.0000237
183.6	0.000023
183.7	0.0000222
183.8	0.0000212
183.9	0.0000201
184	0.0000189
184.1	0.0000176
184.2	0.0000161
184.3	0.0000145
184.4	0.0000128
184.5	0.000011
184.6	0.000009
184.7	0.0000069
184.8	0.0000047
184.9	0.0000062
185	0.0000077
185.1	0.0000092
185.2	0.0000108
185.3	0.0000123
185.4	0.0000138
185.5	0.0000115
185.6	0.000009
185.7	0.0000064
185.8	0.0000036
185.9	0.0000047
186	0.0000057
186.1	0.0000067
186.2	0.0000077
186.3	0.0000087
186.4	0.0000098
186.5	0.0000108
186.6	0.0000118
186.7	0.0000089
186.8	0.0000059
186.9	0.0000028
187	0.0000035
187.1	0.0000041
187.2	0.0000047
187.3	0.0000054
187.4	0.000006
187.5	0.0000066
187.6	0.0000073
187.7	0.0000079
187.8	0.0000085
187.9	0.0000092
188	0.0000098
188.1	0.0000105
188.2	0.0000111
188.3	0.0000078
188.4	0.0000045
188.5	0.000001
188.6	0.0000012
188.7	0.0000015
188.8	0.0000017
188.9	0.000002
189	0.0000023
189.1	0.0000025
189.2	0.0000028
189.3	0.000003
189.4	0.0000033
189.5	0.0000035
189.6	0.0000038
189.7	0.000004
189.8	0.0000043
189.9	0.0000045
190	0.0000048
190.1	0.000005
190.2	0.0000053
190.3	0.0000056
190.4	0.0000058
190.5	0.0000061
190.6	0.0000063
190.7	0.0000066
190.8	0.0000068
190.9	0.0000071
191	0.0000073
191.1	0.0000076
191.2	0.0000078
191.3	0.0000081
191.4	0.0000084
191.5	0.0000086
191.6	0.0000089
191.7	0.0000091
191.8	0.0000094
191.9	0.0000096
192	0.0000099
192.1	0.0000101
192.2	0.0000104
192.3	0.0000068
192.4	0.000003
192.5	0.0
192.6	0.0
192.7	0.0
192.8	0.0
192.9	0.0
193	0.0
193.1	0.0
193.2	0.0
193.3	0.0
193.4	0.0
193.5	0.0
193.6	0.0
193.7	0.0
193.8	0.0
193.9	0.0
194	0.0
194.1	0.0
194.2	0.0
194.3	0.0
194.4	0.0
194.5	0.0
194.6	0.0
194.7	0.0
194.8	0.0
194.9	0.0
195	0.0
195.1	0.0
195.2	0.0
195.3	0.0
195.4	0.0
195.5	0.0
195.6	0.0
195.7	0.0
195.8	0.0
195.9	0.0
196	0.0
196.1	0.0
196.2	0.0
196.3	0.0
196.4	0.0
196.5	0.0
196.6	0.0
196.7	0.0
196.8	0.0
196.9	0.0
197	0.0
197.1	0.0
197.2	0.0
197.3	0.0
197.4	0.0
197.5	0.0
197.6	0.0
197.7	0.0
197.8	0.0
197.9	0.0
198	0.0
198.1	0.0
198.2	0.0
198.3	0.0
198.4	0.0
198.5	0.0
198.6	0.0
198.7	0.0
198.8	0.0
198.9	0.0
199	0.0
199.1	0.0
199.2	0.0
199.3	0.0
199.4	0.0
199.5	0.0
199.6	0.0
199.7	0.0
199.8	0.0
199.9	0.0
200	0.0
200.1	0.0
200.2	0.0
200.3	0.0
200.4	0.0
200.5	0.0
200.6	0.0
200.7	0.0
200.8	0.0
200.9	0.0
201	0.0
201.1	0.0
201.2	0.0
201.3	0.0
201.4	0.0
201.5	0.0
201.6	0.0
201.7	0.0
201.8	0.0
201.9	0.0
202	0.0
202.1	0.0
202.2	0.0
202.3	0.0
202.4	0.0
202.5	0.0
202.6	0.0
202.7	0.0
202.8	0.0
202.9	0.0
203	0.0
203.1	0.0
203.2	0.0
203.3	0.0
203.4	0.0
203.5	0.0
203.6	0.0
203.7	0.0
203.8	0.0
203.9	0.0
204	0.0
204.1	0.0
204.2	0.0
204.3	0.0
204.4	0.0
204.5	0.0
204.6	0.0
204.7	0.0
204.8	0.0
204.9	0.0
205	0.0
205.1	0.0
205.2	0.0
205.3	0.0
205.4	0.0
205.5	0.0
205.6	0.0
205.7	0.0
205.8	0.0
205.9	0.0
206	0.0
206.1	0.0
206.2	0.0
206.3	0.0
206.4	0.0
206.5	0.0
206.6	0.0
206.7	0.0
206.8	0.0
206.9	0.0
207	0.0
207.1	0.0
