0.1	12.0
0.2	12.0
0.3	12.0
0.4	12.0
0.5	12.0
0.6	12.0
0.7	12.0
0.8	12.0
0.9	12.0
1	12.0
1.1	12.0
1.2	12.0
1.3	12.0
1.4	12.0
1.5	12.0
1.6	12.0
1.7	12.0
1.8	12.0
1.9	12.0
2	12.0
2.1	12.0
2.2	12.0
2.3	12.0
2.4	12.0
2.5	12.0
2.6	12.0
2.7	12.0
2.8	12.0
2.9	12.0
3	12.0
3.1	12.0
3.2	12.0
3.3	12.0
3.4	12.0
3.5	12.0
3.6	12.0
3.7	12.0
3.8	12.0
3.9	12.0
4	12.0
4.1	12.0
4.2	12.0
4.3	12.0
4.4	12.0
4.5	12.0
4.6	12.0
4.7	12.0
4.8	12.0
4.9	12.0
5	12.0
5.1	12.0
5.2	12.0
5.3	12.0
5.4	12.0
5.5	12.0
5.6	12.0
5.7	12.0
5.8	12.0
5.9	12.0
6	12.0
6.1	12.0
6.2	12.0
6.3	12.0
6.4	12.0
6.5	12.0
6.6	12.0
6.7	12.0
6.8	12.0
6.9	12.0
7	12.0
7.1	12.0
7.2	12.0
7.3	12.0
7.4	12.0
7.5	12.0
7.6	12.0
7.7	12.0
7.8	12.0
7.9	12.0
8	12.0
8.1	12.0
8.2	12.0
8.3	12.0
8.4	12.0
8.5	12.0045
8.6	12.009
8.7	12.0135
8.8	12.018
8.9	12.0225
9	12.027
9.1	12.0315
9.2	12.036
9.3	12.0405
9.4	12.045
9.5	12.0495
9.6	12.054
9.7	12.0585
9.8	12.063
9.9	12.0675
10	12.07201
10.1	12.07651
10.2	12.08101
10.3	12.08551
10.4	12.09001
10.5	12.09451
10.6	12.09901
10.7	12.10351
10.8	12.10801
10.9	12.11251
11	12.11701
11.1	12.12151
11.2	12.12601
11.3	12.13051
11.4	12.13501
11.5	12.13951
11.6	12.14401
11.7	12.14851
11.8	12.15301
11.9	12.15751
12	12.16201
12.1	12.16651
12.2	12.17101
12.3	12.17551
12.4	12.18001
12.5	12.18451
12.6	12.18902
12.7	12.19352
12.8	12.19802
12.9	12.20252
13	12.20702
13.1	12.21152
13.2	12.21602
13.3	12.22052
13.4	12.22502
13.5	12.22952
13.6	12.23402
13.7	12.23852
13.8	12.24302
13.9	12.24752
14	12.25202
14.1	12.25652
14.2	12.26102
14.3	12.26552
14.4	12.27002
14.5	12.27452
14.6	12.27902
14.7	12.28352
14.8	12.28802
14.9	12.29252
15	12.29702
15.1	12.30153
15.2	12.30603
15.3	12.31053
15.4	12.31503
15.5	12.31953
15.6	12.32403
15.7	12.32853
15.8	12.33303
15.9	12.33753
16	12.34203
16.1	12.34653
16.2	12.35103
16.3	12.35553
16.4	12.36003
16.5	12.36453
16.6	12.36903
16.7	12.37353
16.8	12.37803
16.9	12.38253
17	12.38703
17.1	12.39153
17.2	12.39603
17.3	12.40053
17.4	12.40503
17.5	12.40953
17.6	12.41403
17.7	12.41854
17.8	12.42304
17.9	12.42754
18	12.43204
18.1	12.43654
18.2	12.44104
18.3	12.44554
18.4	12.45004
18.5	12.45454
18.6	12.45904
18.7	12.46354
18.8	12.46804
18.9	12.47254
19	12.47704
19.1	12.48154
19.2	12.48604
19.3	12.49054
19.4	12.49504
19.5	12.49954
19.6	12.50404
19.7	12.50854
19.8	12.51304
19.9	12.51754
20	12.52204
20.1	12.52654
20.2	12.53104
20.3	12.53555
20.4	12.54005
20.5	12.54455
20.6	12.54905
20.7	12.55355
20.8	12.55805
20.9	12.56255
21	12.56705
21.1	12.57155
21.2	12.57605
21.3	12.58055
21.4	12.58505
21.5	12.58955
21.6	12.59405
21.7	12.59855
21.8	12.60305
21.9	12.60755
22	12.61205
22.1	12.61655
22.2	12.62105
22.3	12.62555
22.4	12.63005
22.5	12.63455
22.6	12.63905
22.7	12.64355
22.8	12.64806
22.9	12.65256
23	12.65706
23.1	12.66606
23.2	12.67056
23.3	12.67506
23.4	12.67956
23.5	12.68406
23.6	12.68856
23.7	12.69306
23.8	12.69756
23.9	12.70206
24	12.70656
24.1	12.71106
24.2	12.71556
24.3	12.72006
24.4	12.72456
24.5	12.72906
24.6	12.73356
24.7	12.73806
24.8	12.74256
24.9	12.74706
25	12.75156
25.1	12.75606
25.2	12.76056
25.3	12.76507
25.4	12.76957
25.5	12.77407
25.6	12.77857
25.7	12.78307
25.8	12.78757
25.9	12.79207
26	12.79657
26.1	12.80107
26.2	12.80557
26.3	12.81007
26.4	12.81457
26.5	12.81907
26.6	12.82357
26.7	12.82807
26.8	12.83257
26.9	12.83707
27	12.84157
27.1	12.84607
27.2	12.85057
27.3	12.85507
27.4	12.85957
27.5	12.86407
27.6	12.86857
27.7	12.87307
27.8	12.87757
27.9	12.88206
28	12.88646
28.1	12.89073
28.2	12.89073
28.3	12.89866
28.4	12.89866
28.5	12.90574
28.6	12.90901
28.7	12.91215
28.8	12.91519
28.9	12.91817
29	12.92108
29.1	12.92392
29.2	12.92668
29.3	12.92935
29.4	12.93192
29.5	12.93438
29.6	12.93673
29.7	12.93897
29.8	12.94113
29.9	12.94113
30	12.94521
30.1	12.94715
30.2	12.94903
30.3	12.95085
30.4	12.95262
30.5	12.95432
30.6	12.95597
30.7	12.95754
30.8	12.95906
30.9	12.96052
31	12.96192
31.1	12.96327
31.2	12.96458
31.3	12.96584
31.4	12.96706
31.5	12.96823
31.6	12.96937
31.7	12.97047
31.8	12.97152
31.9	12.97254
32	12.97352
32.1	12.97447
32.2	12.97538
32.3	12.97625
32.4	12.97625
32.5	12.97791
32.6	12.97791
32.7	12.97946
32.8	12.97946
32.9	12.97946
33	12.98159
33.1	12.98224
33.2	12.98288
33.3	12.98349
33.4	12.98408
33.5	12.98464
33.6	12.98519
33.7	12.98572
33.8	12.98623
33.9	12.98672
34	12.98672
34.1	12.98765
34.2	12.98809
34.3	12.98852
34.4	12.98893
34.5	12.98932
34.6	12.98932
34.7	12.99007
34.8	12.99043
34.9	12.99077
35	12.99077
35.1	12.99141
35.2	12.99172
35.3	12.99201
35.4	12.99201
35.5	12.99257
35.6	12.99284
35.7	12.99284
35.8	12.99334
35.9	12.99358
36	12.99381
36.1	12.99403
36.2	12.99424
36.3	12.99445
36.4	12.99465
36.5	12.99484
36.6	12.99502
36.7	12.99502
36.8	12.99537
36.9	12.99553
37	12.99569
37.1	12.99585
37.2	12.996
37.3	12.99614
37.4	12.99628
37.5	12.99641
37.6	12.99654
37.7	12.99666
37.8	12.99678
37.9	12.99689
38	12.99701
38.1	12.99711
38.2	12.99722
38.3	12.99731
38.4	12.99741
38.5	12.99741
38.6	12.99759
38.7	12.99768
38.8	12.99776
38.9	12.99784
39	12.99792
39.1	12.99799
39.2	12.99806
39.3	12.99813
39.4	12.99813
39.5	12.99826
39.6	12.99833
39.7	12.99839
39.8	12.99844
39.9	12.99844
40	12.99844
40.1	12.99865
40.2	12.99865
40.3	12.99875
40.4	12.99879
40.5	12.99883
40.6	12.99888
40.7	12.99892
40.8	12.99896
40.9	12.99899
41	12.99903
41.1	12.99906
41.2	12.99906
41.3	12.99913
41.4	12.99916
41.5	12.99919
41.6	12.99922
41.7	12.99925
41.8	12.99927
41.9	12.99927
42	12.99932
42.1	12.99935
42.2	12.99937
42.3	12.99939
42.4	12.99942
42.5	12.99944
42.6	12.99946
42.7	12.99948
42.8	12.99948
42.9	12.99951
43	12.99953
43.1	12.99955
43.2	12.99956
43.3	12.99958
43.4	12.99959
43.5	12.99961
43.6	12.99962
43.7	12.99964
43.8	12.99965
43.9	12.99966
44	12.99967
44.1	12.99969
44.2	12.99969
44.3	12.99971
44.4	12.99972
44.5	12.99973
44.6	12.99974
44.7	12.99975
44.8	12.99976
44.9	12.99976
45	12.99977
45.1	12.99978
45.2	12.99979
45.3	12.99979
45.4	12.99979
45.5	12.99981
45.6	12.99982
45.7	12.99982
45.8	12.99983
45.9	12.99984
46	12.99984
46.1	12.99985
46.2	12.99985
46.3	12.99986
46.4	12.99986
46.5	12.99987
46.6	12.99987
46.7	12.99988
46.8	12.99988
46.9	12.99989
47	12.99989
47.1	12.99989
47.2	12.99989
47.3	12.99989
47.4	12.99989
47.5	12.99991
47.6	12.99991
47.7	12.99991
47.8	12.99992
47.9	12.99992
48	12.99992
48.1	12.99993
48.2	12.99993
48.3	12.99993
48.4	12.99993
48.5	12.99994
48.6	12.99994
48.7	12.99994
48.8	12.99994
48.9	12.99994
49	12.99995
49.1	12.99995
49.2	12.99995
49.3	12.99995
49.4	12.99995
49.5	12.99996
49.6	12.99996
49.7	12.99996
49.8	12.99996
49.9	12.99996
50	12.99996
50.1	12.99997
50.2	12.99997
50.3	12.99997
50.4	12.99997
50.5	12.99997
50.6	12.99997
50.7	12.99997
50.8	12.99997
50.9	12.99997
51	12.99997
51.1	12.99998
51.2	12.99998
51.3	12.99998
51.4	12.99998
51.5	12.99998
51.6	12.99998
51.7	12.99998
51.8	12.99998
51.9	12.99998
52	12.99998
52.1	12.99998
52.2	12.99998
52.3	12.99998
52.4	12.99998
52.5	12.99998
52.6	12.99999
52.7	12.99999
52.8	12.99999
52.9	12.99999
53	12.99999
53.1	12.99999
53.2	12.99999
53.3	12.99999
53.4	12.99999
53.5	12.99999
53.6	12.99999
53.7	12.99999
53.8	12.99999
53.9	12.99999
54	12.99999
54.1	12.99999
54.2	12.99999
54.3	12.99999
54.4	12.99999
54.5	12.99999
54.6	12.99999
54.7	12.99999
54.8	12.99999
54.9	12.99999
55	12.99999
55.1	13.0
55.2	13.0
55.3	13.0
55.4	13.0
55.5	13.0
55.6	13.0
55.7	13.0
55.8	13.0
55.9	13.0
56	13.0
56.1	13.0
56.2	13.0
56.3	13.0
56.4	13.0
56.5	13.0
56.6	13.0
56.7	13.0
56.8	13.0
56.9	13.0
57	13.0
57.1	13.0
57.2	13.0
57.3	13.0
57.4	13.0
57.5	13.0
57.6	13.0
57.7	13.0
57.8	13.0
57.9	13.0
58	13.0
58.1	13.0
58.2	13.0045
58.3	13.009
58.4	13.0135
58.5	13.018
58.6	13.0225
58.7	13.027
58.8	13.0315
58.9	13.036
59	13.0405
59.1	13.045
59.2	13.0495
59.3	13.054
59.4	13.0585
59.5	13.063
59.6	13.0675
59.7	13.072
59.8	13.0765
59.9	13.08101
60	13.08551
60.1	13.09001
60.2	13.09451
60.3	13.09901
60.4	13.10351
60.5	13.10801
60.6	13.11251
60.7	13.11701
60.8	13.12151
60.9	13.12601
61	13.13051
61.1	13.13501
61.2	13.13951
61.3	13.14401
61.4	13.14851
61.5	13.15301
61.6	13.15751
61.7	13.16201
61.8	13.16651
61.9	13.17101
62	13.17551
62.1	13.18001
62.2	13.18451
62.3	13.18901
62.4	13.19351
62.5	13.19802
62.6	13.20252
62.7	13.20702
62.8	13.21152
62.9	13.21602
63	13.22052
63.1	13.22502
63.2	13.22952
63.3	13.23402
63.4	13.23852
63.5	13.24302
63.6	13.24752
63.7	13.25202
63.8	13.25652
63.9	13.26102
64	13.26552
64.1	13.27002
64.2	13.27452
64.3	13.27902
64.4	13.28352
64.5	13.28802
64.6	13.29252
64.7	13.29702
64.8	13.30152
64.9	13.30602
65	13.31052
65.1	13.31503
65.2	13.31953
65.3	13.32403
65.4	13.32853
65.5	13.33303
65.6	13.33753
65.7	13.34203
65.8	13.34653
65.9	13.35103
66	13.35553
66.1	13.36003
66.2	13.36453
66.3	13.36903
66.4	13.37353
66.5	13.37803
66.6	13.38253
66.7	13.38703
66.8	13.39153
66.9	13.39603
67	13.40053
67.1	13.40503
67.2	13.40953
67.3	13.41403
67.4	13.41853
67.5	13.42303
67.6	13.42754
67.7	13.43204
67.8	13.43654
67.9	13.44104
68	13.44554
68.1	13.45004
68.2	13.45454
68.3	13.45904
68.4	13.46354
68.5	13.46804
68.6	13.47254
68.7	13.47704
68.8	13.48154
68.9	13.48604
69	13.49054
69.1	13.49504
69.2	13.49954
69.3	13.50404
69.4	13.50854
69.5	13.51304
69.6	13.51754
69.7	13.52204
69.8	13.52654
69.9	13.53104
70	13.53554
70.1	13.54004
70.2	13.54455
70.3	13.54905
70.4	13.55355
70.5	13.55805
70.6	13.56255
70.7	13.56705
70.8	13.57155
70.9	13.57605
71	13.58055
71.1	13.58505
71.2	13.58955
71.3	13.59405
71.4	13.59855
71.5	13.60305
71.6	13.60755
71.7	13.61205
71.8	13.61655
71.9	13.62105
72	13.62555
72.1	13.63005
72.2	13.63455
72.3	13.63905
72.4	13.64355
72.5	13.64805
72.6	13.65255
72.7	13.65705
72.8	13.66606
72.9	13.67056
73	13.67506
73.1	13.67956
73.2	13.68406
73.3	13.68856
73.4	13.69306
73.5	13.69756
73.6	13.70206
73.7	13.70656
73.8	13.71106
73.9	13.71556
74	13.72006
74.1	13.72456
74.2	13.72906
74.3	13.73356
74.4	13.73806
74.5	13.74256
74.6	13.74706
74.7	13.75156
74.8	13.75606
74.9	13.76056
75	13.76506
75.1	13.76956
75.2	13.77407
75.3	13.77857
75.4	13.78307
75.5	13.78757
75.6	13.79207
75.7	13.79657
75.8	13.80107
75.9	13.80557
76	13.81007
76.1	13.81457
76.2	13.81907
76.3	13.82357
76.4	13.82807
76.5	13.83257
76.6	13.83707
76.7	13.84157
76.8	13.84607
76.9	13.85057
77	13.85507
77.1	13.85957
77.2	13.86407
77.3	13.86857
77.4	13.87307
77.5	13.87757
77.6	13.88207
77.7	13.88657
77.8	13.89108
77.9	13.89558
78	13.90008
78.1	13.90458
78.2	13.90908
78.3	13.91358
78.4	13.91808
78.5	13.92258
78.6	13.92708
78.7	13.93158
78.8	13.93608
78.9	13.94058
79	13.94508
79.1	13.94958
79.2	13.95408
79.3	13.95858
79.4	13.96308
79.5	13.96758
79.6	13.97208
79.7	13.97658
79.8	13.98108
79.9	13.98558
80	13.99008
80.1	13.99458
80.2	13.99908
80.3	14.00358
80.4	14.00809
80.5	14.01259
80.6	14.01709
80.7	14.02159
80.8	14.02609
80.9	14.03059
81	14.03509
81.1	14.03959
81.2	14.04409
81.3	14.04859
81.4	14.05309
81.5	14.05759
81.6	14.06209
81.7	14.06659
81.8	14.07109
81.9	14.07559
82	14.08009
82.1	14.08459
82.2	14.08909
82.3	14.09359
82.4	14.09809
82.5	14.10259
82.6	14.10709
82.7	14.11159
82.8	14.11609
82.9	14.12059
83	14.1251
83.1	14.1296
83.2	14.1341
83.3	14.1386
83.4	14.1431
83.5	14.1476
83.6	14.1521
83.7	14.1566
83.8	14.1611
83.9	14.1656
84	14.1701
84.1	14.1746
84.2	14.1791
84.3	14.1836
84.4	14.1881
84.5	14.1926
84.6	14.1971
84.7	14.2016
84.8	14.2061
84.9	14.2106
85	14.2151
85.1	14.2196
85.2	14.2241
85.3	14.2286
85.4	14.2331
85.5	14.23761
85.6	14.24211
85.7	14.24661
85.8	14.25111
85.9	14.25561
86	14.26011
86.1	14.26461
86.2	14.26911
86.3	14.27361
86.4	14.27811
86.5	14.28261
86.6	14.28711
86.7	14.29161
86.8	14.29611
86.9	14.30061
87	14.30511
87.1	14.30961
87.2	14.31411
87.3	14.31861
87.4	14.32311
87.5	14.32761
87.6	14.33211
87.7	14.33661
87.8	14.34111
87.9	14.34561
88	14.35011
88.1	14.35462
88.2	14.35912
88.3	14.36362
88.4	14.36812
88.5	14.37262
88.6	14.37712
88.7	14.38162
88.8	14.38612
88.9	14.39062
89	14.39512
89.1	14.39962
89.2	14.40412
89.3	14.40862
89.4	14.41762
89.5	14.41762
89.6	14.42212
89.7	14.43112
89.8	14.43562
89.9	14.44012
90	14.44462
90.1	14.44912
90.2	14.45362
90.3	14.45812
90.4	14.46262
90.5	14.46712
90.6	14.47163
90.7	14.47613
90.8	14.48063
90.9	14.48513
91	14.48963
91.1	14.49413
91.2	14.49863
91.3	14.50313
91.4	14.50763
91.5	14.51213
91.6	14.51663
91.7	14.52113
91.8	14.52563
91.9	14.53013
92	14.53463
92.1	14.53913
92.2	14.54363
92.3	14.54813
92.4	14.55263
92.5	14.55713
92.6	14.56163
92.7	14.56613
92.8	14.57063
92.9	14.57513
93	14.57963
93.1	14.58414
93.2	14.58864
93.3	14.59314
93.4	14.59764
93.5	14.60214
93.6	14.60664
93.7	14.61114
93.8	14.61564
93.9	14.62014
94	14.62464
94.1	14.62914
94.2	14.63364
94.3	14.63814
94.4	14.64264
94.5	14.64714
94.6	14.65164
94.7	14.65614
94.8	14.66064
94.9	14.66514
95	14.66964
95.1	14.67414
95.2	14.67864
95.3	14.68314
95.4	14.68764
95.5	14.69214
95.6	14.69664
95.7	14.70115
95.8	14.70565
95.9	14.71015
96	14.71465
96.1	14.71915
96.2	14.72365
96.3	14.72815
96.4	14.73265
96.5	14.73715
96.6	14.74165
96.7	14.74615
96.8	14.75065
96.9	14.75515
97	14.75965
97.1	14.76415
97.2	14.76865
97.3	14.77315
97.4	14.77765
97.5	14.78215
97.6	14.78665
97.7	14.79115
97.8	14.79565
97.9	14.80015
98	14.80465
98.1	14.80915
98.2	14.81365
98.3	14.81816
98.4	14.82266
98.5	14.82716
98.6	14.83166
98.7	14.83616
98.8	14.84066
98.9	14.84516
99	14.84966
99.1	14.85416
99.2	14.85866
99.3	14.86316
99.4	14.86766
99.5	14.87216
99.6	14.87666
99.7	14.88115
99.8	14.88558
99.9	14.88987
100	14.89396
100.1	14.89782
100.2	14.90145
100.3	14.90487
100.4	14.90812
100.5	14.91124
100.6	14.91429
100.7	14.91728
100.8	14.92022
100.9	14.9231
101	14.9259
101.1	14.9286
101.2	14.93118
101.3	14.93365
101.4	14.93599
101.5	14.93823
101.6	14.94038
101.7	14.94245
101.8	14.94446
101.9	14.94642
102	14.94833
102.1	14.95018
102.2	14.95197
102.3	14.9537
102.4	14.95535
102.5	14.95694
102.6	14.95846
102.7	14.95992
102.8	14.96133
102.9	14.96268
103	14.964
103.1	14.96527
103.2	14.96651
103.3	14.9677
103.4	14.96886
103.5	14.96997
103.6	14.97104
103.7	14.97206
103.8	14.97305
103.9	14.974
104	14.97492
104.1	14.97581
104.2	14.97666
104.3	14.97749
104.4	14.97829
104.5	14.97906
104.6	14.9798
104.7	14.98052
104.8	14.98121
104.9	14.98188
105	14.98252
105.1	14.98314
105.2	14.98374
105.3	14.98431
105.4	14.98487
105.5	14.9854
105.6	14.98642
105.7	14.9869
105.8	14.98737
105.9	14.98782
106	14.98825
106.1	14.98866
106.2	14.98907
106.3	14.98945
106.4	14.98983
106.5	14.99019
106.6	14.99054
106.7	14.99087
106.8	14.99119
106.9	14.99151
107	14.99181
107.1	14.9921
107.2	14.99238
107.3	14.99265
107.4	14.99291
107.5	14.99316
107.6	14.9934
107.7	14.99364
107.8	14.99386
107.9	14.95528
108	14.91675
108.1	14.87827
108.2	14.83986
108.3	14.80149
108.4	14.76318
108.5	14.72493
108.6	14.68674
108.7	14.64859
108.8	14.61051
108.9	14.57248
109	14.5345
109.1	14.49658
109.2	14.45872
109.3	14.42091
109.4	14.38315
109.5	14.34546
109.6	14.30781
109.7	14.27022
109.8	14.23269
109.9	14.19521
110	14.15779
110.1	14.12042
110.2	14.08311
110.3	14.04586
110.4	14.00866
110.5	13.97151
110.6	13.93442
110.7	13.89738
110.8	13.8604
110.9	13.82348
111	13.78661
111.1	13.7498
111.2	13.71304
111.3	13.67634
111.4	13.63969
111.5	13.60309
111.6	13.56656
111.7	13.53007
111.8	13.49364
111.9	13.45727
112	13.42095
112.1	13.38469
112.2	13.34848
112.3	13.31233
112.4	13.27623
112.5	13.24019
112.6	13.20421
112.7	13.16827
112.8	13.1324
112.9	13.09657
113	13.06081
113.1	13.0251
113.2	12.98944
113.3	12.95384
113.4	12.91829
113.5	12.91829
113.6	12.84736
113.7	12.81198
113.8	12.77665
113.9	12.74138
114	12.70616
114.1	12.671
114.2	12.63589
114.3	12.60084
114.4	12.56584
114.5	12.56584
114.6	12.49601
114.7	12.46118
114.8	12.46118
114.9	12.39168
115	12.35701
115.1	12.28784
115.2	12.28784
115.3	12.25334
115.4	12.21889
115.5	12.18449
115.6	12.15015
115.7	12.11587
115.8	12.08164
115.9	12.04746
116	12.01334
116.1	11.97928
116.2	11.94527
116.3	11.91131
116.4	11.87741
116.5	11.84356
116.6	11.80977
116.7	11.77603
116.8	11.74235
116.9	11.70872
117	11.67515
117.1	11.64163
117.2	11.60817
117.3	11.57476
117.4	11.57476
117.5	11.57476
117.6	11.47485
117.7	11.44166
117.8	11.40853
117.9	11.37544
118	11.34242
118.1	11.30944
118.2	11.27652
118.3	11.24366
118.4	11.21085
118.5	11.17809
118.6	11.14539
118.7	11.11275
118.8	11.08016
118.9	11.04762
119	11.01513
119.1	10.98271
119.2	10.95033
119.3	10.91801
119.4	10.88575
119.5	10.85359
119.6	10.82193
119.7	10.79112
119.8	10.76152
119.9	10.73333
120	10.70662
120.1	10.70662
120.2	10.70662
120.3	10.63413
120.4	10.61187
120.5	10.61187
120.6	10.56931
120.7	10.54888
120.8	10.52904
120.9	10.50982
121	10.49126
121.1	10.47341
121.2	10.45625
121.3	10.43979
121.4	10.42399
121.5	10.42399
121.6	10.39417
121.7	10.38005
121.8	10.36642
121.9	10.35325
122	10.34053
122.1	10.32824
122.2	10.31638
122.3	10.30494
122.4	10.29393
122.5	10.29393
122.6	10.26326
122.7	10.25377
122.8	10.24464
122.9	10.23583
123	10.22733
123.1	10.21913
123.2	10.21123
123.3	10.21123
123.4	10.19625
123.5	10.18917
123.6	10.18233
123.7	10.17575
123.8	10.16941
123.9	10.16329
124	10.1574
124.1	10.15172
124.2	10.14625
124.3	10.14097
124.4	10.13588
124.5	10.13097
124.6	10.12624
124.7	10.12168
124.8	10.11729
124.9	10.11305
125	10.10897
125.1	10.10503
125.2	10.10124
125.3	10.09758
125.4	10.09406
125.5	10.09066
125.6	10.08739
125.7	10.08423
125.8	10.08119
125.9	10.07825
126	10.07543
126.1	10.0727
126.2	10.07007
126.3	10.06754
126.4	10.0651
126.5	10.06275
126.6	10.06048
126.7	10.0583
126.8	10.05619
126.9	10.05416
127	10.0522
127.1	10.05031
127.2	10.0485
127.3	10.04674
127.4	10.04505
127.5	10.04342
127.6	10.04185
127.7	10.04034
127.8	10.03888
127.9	10.03748
128	10.03613
128.1	10.03482
128.2	10.03356
128.3	10.03235
128.4	10.03118
128.5	10.03005
128.6	10.02896
128.7	10.02792
128.8	10.02691
128.9	10.02594
129	10.025
129.1	10.02409
129.2	10.02322
129.3	10.02238
129.4	10.02157
129.5	10.02079
129.6	10.02004
129.7	10.01932
129.8	10.01862
129.9	10.01795
130	10.0173
130.1	10.01667
130.2	10.01607
130.3	10.01549
130.4	10.01493
130.5	10.01439
130.6	10.01387
130.7	10.01337
130.8	10.01288
130.9	10.01242
131	10.01197
131.1	10.01154
131.2	10.01112
131.3	10.01072
131.4	10.01033
131.5	10.00996
131.6	10.0096
131.7	10.00925
131.8	10.00891
131.9	10.00859
132	10.00828
132.1	10.00798
132.2	10.00769
132.3	10.00741
132.4	10.00715
132.5	10.00689
132.6	10.00664
132.7	10.0064
132.8	10.00617
132.9	10.00594
133	10.00573
133.1	10.00552
133.2	10.00532
133.3	10.00513
133.4	10.00495
133.5	10.00477
133.6	10.00459
133.7	10.00443
133.8	10.00427
133.9	10.00411
134	10.00396
134.1	10.00382
134.2	10.00368
134.3	10.00355
134.4	10.00342
134.5	10.0033
134.6	10.00318
134.7	10.00306
134.8	10.00295
134.9	10.00285
135	10.00274
135.1	10.00264
135.2	10.00255
135.3	10.00246
135.4	10.00237
135.5	10.00228
135.6	10.0022
135.7	10.00212
135.8	10.00204
135.9	10.00197
136	10.0019
136.1	10.00183
136.2	10.00176
136.3	10.0017
136.4	10.00164
136.5	10.00158
136.6	10.00152
136.7	10.00147
136.8	10.00141
136.9	10.00136
137	10.00131
137.1	10.00127
137.2	10.00122
137.3	10.00118
137.4	10.00113
137.5	10.00109
137.6	10.00105
137.7	10.00101
137.8	10.00098
137.9	10.00094
138	10.00091
138.1	10.00088
138.2	10.00084
138.3	10.00081
138.4	10.00078
138.5	10.00076
138.6	10.00073
138.7	10.0007
138.8	10.00068
138.9	10.00065
139	10.00063
139.1	10.00061
139.2	10.00058
139.3	10.00056
139.4	10.00054
139.5	10.00052
139.6	10.0005
139.7	10.00049
139.8	10.00047
139.9	10.00045
140	10.00043
140.1	10.00042
140.2	10.0004
140.3	10.00039
140.4	10.00036
140.5	10.00036
140.6	10.00035
140.7	10.00032
140.8	10.00032
140.9	10.00031
141	10.00029
141.1	10.00029
141.2	10.00027
141.3	10.00027
141.4	10.00025
141.5	10.00024
141.6	10.00023
141.7	10.00022
141.8	10.00022
141.9	10.00021
142	10.0002
142.1	10.00019
142.2	10.00019
142.3	10.00018
142.4	10.00017
142.5	10.00017
142.6	10.00016
142.7	10.00016
142.8	10.00015
142.9	10.00014
143	10.00014
143.1	10.00013
143.2	10.00013
143.3	10.00012
143.4	10.00012
143.5	10.00012
143.6	10.00011
143.7	10.00011
143.8	10.0001
143.9	10.0001
144	10.0001
144.1	10.00009
144.2	10.00009
144.3	10.00009
144.4	10.00008
144.5	10.00008
144.6	10.00008
144.7	10.00007
144.8	10.00007
144.9	10.00007
145	10.00007
145.1	10.00006
145.2	10.00006
145.3	10.00006
145.4	10.00006
145.5	10.00006
145.6	10.00005
145.7	10.00005
145.8	10.00005
145.9	10.00005
146	10.00005
146.1	10.00004
146.2	10.00004
146.3	10.00004
146.4	10.00004
146.5	10.00004
146.6	10.00004
146.7	10.00004
146.8	10.00003
146.9	10.00003
147	10.00003
147.1	10.00003
147.2	10.00003
147.3	10.00003
147.4	10.00003
147.5	10.00003
147.6	10.00003
147.7	10.00003
147.8	10.00002
147.9	10.00002
148	10.00002
148.1	10.00002
148.2	10.00002
148.3	10.00002
148.4	10.00002
148.5	10.00002
148.6	10.00002
148.7	10.00002
148.8	10.00002
148.9	10.00001
149	10.00001
149.1	10.00001
149.2	10.00001
149.3	10.00001
149.4	10.00001
149.5	10.00001
149.6	10.00001
149.7	10.00001
149.8	10.00001
149.9	10.00001
150	10.00001
150.1	10.00001
150.2	10.00001
150.3	10.00001
150.4	10.00001
150.5	10.00001
150.6	10.00001
150.7	10.00001
150.8	10.00001
150.9	10.00001
151	10.00001
151.1	10.00001
151.2	10.00001
151.3	10.00001
151.4	10.00001
151.5	10.00001
151.6	10.00001
151.7	10.00001
151.8	10.00001
151.9	10.0
152	10.0
152.1	10.0
152.2	10.0
152.3	10.0
152.4	10.0
152.5	10.0
152.6	10.0
152.7	10.0
152.8	10.0
152.9	10.0
153	10.0
153.1	10.0
153.2	10.0
153.3	10.0
153.4	10.0
153.5	10.0
153.6	10.0
153.7	10.0
153.8	10.0
153.9	10.0
154	10.0
154.1	10.0
154.2	10.0
154.3	10.0
154.4	10.0
154.5	10.0
154.6	10.0
154.7	10.0
154.8	10.0
154.9	10.0
155	10.0
155.1	10.0
155.2	10.0
155.3	10.0
155.4	10.0
155.5	10.0
155.6	10.0
155.7	10.0
155.8	10.0
155.9	10.0
156	10.0
156.1	10.0
156.2	10.0
156.3	10.0
156.4	10.0
156.5	10.0
156.6	10.0
156.7	10.0
156.8	10.0
156.9	10.0
157	10.0
157.1	10.0
157.2	10.0
157.3	10.0
157.4	10.0
157.5	10.0
157.6	10.0
157.7	10.0045
157.8	10.009
157.9	10.0135
158	10.018
158.1	10.0225
158.2	10.027
158.3	10.0315
158.4	10.036
158.5	10.0405
158.6	10.045
158.7	10.04951
158.8	10.05401
158.9	10.05851
159	10.06301
159.1	10.06751
159.2	10.07201
159.3	10.07651
159.4	10.08101
159.5	10.08551
159.6	10.09001
159.7	10.09451
159.8	10.09901
159.9	10.10351
160	10.10801
160.1	10.11251
160.2	10.11701
160.3	10.12151
160.4	10.13051
160.5	10.13501
160.6	10.13501
160.7	10.14401
160.8	10.14851
160.9	10.14851
161	10.15751
161.1	10.15751
161.2	10.16652
161.3	10.17102
161.4	10.17552
161.5	10.18002
161.6	10.18452
161.7	10.18902
161.8	10.19352
161.9	10.19802
162	10.20252
162.1	10.20702
162.2	10.21152
162.3	10.21602
162.4	10.22052
162.5	10.22502
162.6	10.22952
162.7	10.23402
162.8	10.23852
162.9	10.24302
163	10.24752
163.1	10.25202
163.2	10.25652
163.3	10.26102
163.4	10.26552
163.5	10.27002
163.6	10.27452
163.7	10.27903
163.8	10.28353
163.9	10.28803
164	10.29253
164.1	10.29703
164.2	10.30153
164.3	10.30603
164.4	10.31053
164.5	10.31503
164.6	10.31953
164.7	10.32403
164.8	10.32853
164.9	10.33303
165	10.33753
165.1	10.34203
165.2	10.34653
165.3	10.35103
165.4	10.35553
165.5	10.36003
165.6	10.36453
165.7	10.36903
165.8	10.37353
165.9	10.37803
166	10.38253
166.1	10.38703
166.2	10.39153
166.3	10.39604
166.4	10.40054
166.5	10.40504
166.6	10.40954
166.7	10.41404
166.8	10.41854
166.9	10.42304
167	10.42754
167.1	10.43204
167.2	10.43654
167.3	10.44104
167.4	10.44554
167.5	10.45004
167.6	10.45454
167.7	10.45904
167.8	10.46354
167.9	10.46804
168	10.47254
168.1	10.47704
168.2	10.48154
168.3	10.48604
168.4	10.49054
168.5	10.49504
168.6	10.49954
168.7	10.50404
168.8	10.50854
168.9	10.51305
169	10.51755
169.1	10.52205
169.2	10.52655
169.3	10.53105
169.4	10.53555
169.5	10.54005
169.6	10.54455
169.7	10.54905
169.8	10.55355
169.9	10.55805
170	10.56255
170.1	10.56705
170.2	10.57155
170.3	10.57605
170.4	10.58055
170.5	10.58505
170.6	10.58955
170.7	10.59405
170.8	10.59855
170.9	10.60305
171	10.60755
171.1	10.61205
171.2	10.61655
171.3	10.62105
171.4	10.62556
171.5	10.63006
171.6	10.63456
171.7	10.63906
171.8	10.64356
171.9	10.64806
172	10.65256
172.1	10.65706
172.2	10.66156
172.3	10.66606
172.4	10.67056
172.5	10.67506
172.6	10.67956
172.7	10.68406
172.8	10.68856
172.9	10.69306
173	10.69756
173.1	10.70206
173.2	10.70656
173.3	10.71106
173.4	10.71556
173.5	10.72006
173.6	10.72456
173.7	10.72906
173.8	10.73356
173.9	10.73806
174	10.74257
174.1	10.74707
174.2	10.75157
174.3	10.75607
174.4	10.76057
174.5	10.76507
174.6	10.76957
174.7	10.77407
174.8	10.77857
174.9	10.78307
175	10.78757
175.1	10.79207
175.2	10.79657
175.3	10.80107
175.4	10.80557
175.5	10.81007
175.6	10.81457
175.7	10.81907
175.8	10.82357
175.9	10.82807
176	10.83257
176.1	10.83707
176.2	10.84157
176.3	10.84607
176.4	10.85057
176.5	10.85507
176.6	10.85958
176.7	10.86408
176.8	10.86858
176.9	10.87308
177	10.87758
177.1	10.88208
177.2	10.88658
177.3	10.89108
177.4	10.89558
177.5	10.90008
177.6	10.90458
177.7	10.90908
177.8	10.91358
177.9	10.91808
178	10.92258
178.1	10.92708
178.2	10.93158
178.3	10.93608
178.4	10.94058
178.5	10.94508
178.6	10.94958
178.7	10.95408
178.8	10.95858
178.9	10.96308
179	10.96758
179.1	10.97208
179.2	10.97659
179.3	10.98109
179.4	10.98559
179.5	10.99009
179.6	10.99459
179.7	10.99909
179.8	11.00359
179.9	11.00809
180	11.01259
180.1	11.01709
180.2	11.02609
180.3	11.02609
180.4	11.03509
180.5	11.03959
180.6	11.03959
180.7	11.04859
180.8	11.05309
180.9	11.05759
181	11.06209
181.1	11.06209
181.2	11.07109
181.3	11.07559
181.4	11.08009
181.5	11.08459
181.6	11.0891
181.7	11.0936
181.8	11.0981
181.9	11.1026
182	11.1071
182.1	11.1116
182.2	11.1161
182.3	11.1206
182.4	11.1251
182.5	11.1296
182.6	11.1341
182.7	11.1386
182.8	11.1431
182.9	11.1476
183	11.1521
183.1	11.1566
183.2	11.1611
183.3	11.1656
183.4	11.1701
183.5	11.1746
183.6	11.1791
183.7	11.1836
183.8	11.1881
183.9	11.1881
184	11.1881
184.1	11.1881
184.2	11.20611
184.3	11.21061
184.4	11.21511
184.5	11.21961
184.6	11.22411
184.7	11.22861
184.8	11.23311
184.9	11.23761
185	11.24211
185.1	11.24661
185.2	11.25111
185.3	11.25561
185.4	11.26011
185.5	11.26461
185.6	11.26911
185.7	11.27361
185.8	11.27811
185.9	11.28261
186	11.28711
186.1	11.29161
186.2	11.29611
186.3	11.30061
186.4	11.30511
186.5	11.30961
186.6	11.31411
186.7	11.31861
186.8	11.32312
186.9	11.32762
187	11.33212
187.1	11.33662
187.2	11.34112
187.3	11.34562
187.4	11.35012
187.5	11.35462
187.6	11.35912
187.7	11.36362
187.8	11.36812
187.9	11.37262
188	11.37712
188.1	11.38162
188.2	11.38612
188.3	11.39062
188.4	11.39512
188.5	11.39962
188.6	11.40412
188.7	11.40862
188.8	11.41312
188.9	11.41762
189	11.42212
189.1	11.42662
189.2	11.43112
189.3	11.43563
189.4	11.44013
189.5	11.44463
189.6	11.44913
189.7	11.45363
189.8	11.45813
189.9	11.46263
190	11.46713
190.1	11.47163
190.2	11.47613
190.3	11.48063
190.4	11.48513
190.5	11.48963
190.6	11.49413
190.7	11.49863
190.8	11.50313
190.9	11.50763
191	11.51213
191.1	11.51663
191.2	11.52113
191.3	11.52563
191.4	11.53013
191.5	11.53463
191.6	11.53913
191.7	11.54363
191.8	11.54813
191.9	11.55264
192	11.55714
192.1	11.56164
192.2	11.56614
192.3	11.57064
192.4	11.57514
192.5	11.57964
192.6	11.58414
192.7	11.58864
192.8	11.59314
192.9	11.59764
193	11.60214
193.1	11.60664
193.2	11.61114
193.3	11.61564
193.4	11.62014
193.5	11.62464
193.6	11.62914
193.7	11.63364
193.8	11.63814
193.9	11.64264
194	11.64714
194.1	11.65164
194.2	11.65614
194.3	11.66064
194.4	11.66514
194.5	11.66965
194.6	11.67415
194.7	11.67865
194.8	11.68315
194.9	11.68765
195	11.69215
195.1	11.69665
195.2	11.70115
195.3	11.70565
195.4	11.71015
195.5	11.71465
195.6	11.71915
195.7	11.72365
195.8	11.72815
195.9	11.73265
196	11.73715
196.1	11.74165
196.2	11.74615
196.3	11.75065
196.4	11.75515
196.5	11.75965
196.6	11.76415
196.7	11.76865
196.8	11.77315
196.9	11.77765
197	11.78216
197.1	11.78666
197.2	11.79116
197.3	11.79566
197.4	11.80016
197.5	11.80466
197.6	11.80916
197.7	11.81366
197.8	11.81816
197.9	11.82266
198	11.82716
198.1	11.83166
198.2	11.83616
198.3	11.84066
198.4	11.84516
198.5	11.84966
198.6	11.85416
198.7	11.85866
198.8	11.86316
198.9	11.86766
199	11.87216
199.1	11.87666
199.2	11.88116
199.3	11.88566
199.4	11.89016
199.5	11.89466
199.6	11.89917
199.7	11.90367
199.8	11.90817
199.9	11.91267
200	11.91717
200.1	11.92617
200.2	11.93067
200.3	11.93517
200.4	11.93967
200.5	11.94417
200.6	11.94867
200.7	11.95317
200.8	11.95767
200.9	11.96217
201	11.96667
201.1	11.97117
201.2	11.97567
201.3	11.98017
201.4	11.98467
201.5	11.98917
201.6	11.99367
201.7	11.99817
201.8	12.00267
201.9	12.00717
202	12.01167
202.1	12.01618
202.2	12.02068
202.3	12.02518
202.4	12.02968
202.5	12.03418
202.6	12.03868
202.7	12.04318
202.8	12.04768
202.9	12.05218
203	12.05668
203.1	12.06118
203.2	12.06568
203.3	12.07018
203.4	12.07468
203.5	12.07918
203.6	12.08368
203.7	12.08818
203.8	12.09268
203.9	12.09718
204	12.10168
204.1	12.10618
204.2	12.11068
204.3	12.11518
204.4	12.11968
204.5	12.12418
204.6	12.12868
204.7	12.13319
204.8	12.13769
204.9	12.14219
205	12.14669
205.1	12.15119
205.2	12.15569
205.3	12.16019
205.4	12.16469
205.5	12.16919
205.6	12.17369
205.7	12.17819
205.8	12.18269
205.9	12.18719
206	12.19169
206.1	12.19619
206.2	12.20069
206.3	12.20519
206.4	12.20969
206.5	12.21419
206.6	12.21869
206.7	12.22319
206.8	12.22769
206.9	12.23219
207	12.23669
207.1	12.24119
