0.1	13
0.2	13
0.3	13
0.4	13
0.5	13
0.6	13
0.7	13
0.8	13
0.9	13
1	13
1.1	13
1.2	13
1.3	13
1.4	13
1.5	13
1.6	13
1.7	13
1.8	13
1.9	13
2	13
2.1	13
2.2	13
2.3	13
2.4	13
2.5	13
2.6	13
2.7	13
2.8	13
2.9	13
3	13
3.1	13
3.2	13
3.3	13
3.4	13
3.5	13
3.6	13
3.7	13
3.8	13
3.9	13
4	13
4.1	13
4.2	13
4.3	13
4.4	13
4.5	13
4.6	13
4.7	13
4.8	13
4.9	13
5	13
5.1	13
5.2	13
5.3	13
5.4	13
5.5	13
5.6	13
5.7	13
5.8	13
5.9	13
6	13
6.1	13
6.2	13
6.3	13
6.4	13
6.5	13
6.6	13
6.7	13
6.8	13
6.9	13
7	13
7.1	13
7.2	13
7.3	13
7.4	13
7.5	13
7.6	13
7.7	13
7.8	13
7.9	13
8	13
8.1	13
8.2	13
8.3	14
8.4	14
8.5	14
8.6	14
8.7	14
8.8	14
8.9	14
9	14
9.1	14
9.2	14
9.3	14
9.4	14
9.5	14
9.6	14
9.7	14
9.8	14
9.9	14
10	14
10.1	14
10.2	14
10.3	14
10.4	14
10.5	14
10.6	14
10.7	14
10.8	14
10.9	14
11	14
11.1	14
11.2	14
11.3	14
11.4	14
11.5	14
11.6	14
11.7	14
11.8	14
11.9	14
12	14
12.1	14
12.2	14
12.3	14
12.4	14
12.5	14
12.6	14
12.7	14
12.8	14
12.9	14
13	14
13.1	14
13.2	14
13.3	14
13.4	14
13.5	14
13.6	14
13.7	14
13.8	14
13.9	14
14	14
14.1	14
14.2	14
14.3	14
14.4	14
14.5	14
14.6	14
14.7	14
14.8	14
14.9	14
15	14
15.1	14
15.2	14
15.3	14
15.4	14
15.5	14
15.6	14
15.7	14
15.8	14
15.9	14
16	14
16.1	14
16.2	14
16.3	14
16.4	14
16.5	14
16.6	14
16.7	14
16.8	14
16.9	14
17	14
17.1	14
17.2	14
17.3	14
17.4	14
17.5	14
17.6	14
17.7	14
17.8	14
17.9	14
18	14
18.1	14
18.2	14
18.3	14
18.4	14
18.5	14
18.6	14
18.7	14
18.8	14
18.9	14
19	14
19.1	14
19.2	14
19.3	14
19.4	14
19.5	14
19.6	14
19.7	14
19.8	14
19.9	14
20	14
20.1	14
20.2	14
20.3	14
20.4	14
20.5	14
20.6	14
20.7	14
20.8	14
20.9	14
21	14
21.1	14
21.2	14
21.3	14
21.4	14
21.5	14
21.6	14
21.7	14
21.8	14
21.9	14
22	14
22.1	14
22.2	14
22.3	14
22.4	14
22.5	14
22.6	14
22.7	14
22.8	14
22.9	14
23	14
23.1	14
23.2	14
23.3	14
23.4	14
23.5	14
23.6	14
23.7	14
23.8	14
23.9	14
24	14
24.1	14
24.2	14
24.3	14
24.4	14
24.5	14
24.6	14
24.7	14
24.8	14
24.9	14
25	14
25.1	14
25.2	14
25.3	14
25.4	14
25.5	14
25.6	14
25.7	14
25.8	14
25.9	14
26	14
26.1	14
26.2	14
26.3	14
26.4	14
26.5	14
26.6	14
26.7	14
26.8	14
26.9	14
27	14
27.1	14
27.2	14
27.3	14
27.4	14
27.5	14
27.6	14
27.7	14
27.8	14
27.9	14
28	14
28.1	14
28.2	14
28.3	14
28.4	14
28.5	14
28.6	14
28.7	14
28.8	14
28.9	14
29	14
29.1	14
29.2	14
29.3	14
29.4	14
29.5	14
29.6	14
29.7	14
29.8	14
29.9	14
30	14
30.1	14
30.2	14
30.3	14
30.4	14
30.5	14
30.6	14
30.7	14
30.8	14
30.9	14
31	14
31.1	14
31.2	14
31.3	14
31.4	14
31.5	14
31.6	14
31.7	14
31.8	14
31.9	14
32	14
32.1	14
32.2	14
32.3	14
32.4	14
32.5	14
32.6	14
32.7	14
32.8	14
32.9	14
33	14
33.1	14
33.2	14
33.3	14
33.4	14
33.5	14
33.6	14
33.7	14
33.8	14
33.9	14
34	14
34.1	14
34.2	14
34.3	14
34.4	14
34.5	14
34.6	14
34.7	14
34.8	14
34.9	14
35	14
35.1	14
35.2	14
35.3	14
35.4	14
35.5	14
35.6	14
35.7	14
35.8	14
35.9	14
36	14
36.1	14
36.2	14
36.3	14
36.4	14
36.5	14
36.6	14
36.7	14
36.8	14
36.9	14
37	14
37.1	14
37.2	14
37.3	14
37.4	14
37.5	14
37.6	14
37.7	14
37.8	14
37.9	14
38	14
38.1	14
38.2	14
38.3	14
38.4	14
38.5	14
38.6	14
38.7	14
38.8	14
38.9	14
39	14
39.1	14
39.2	14
39.3	14
39.4	14
39.5	14
39.6	14
39.7	14
39.8	14
39.9	14
40	14
40.1	14
40.2	14
40.3	14
40.4	14
40.5	14
40.6	14
40.7	14
40.8	14
40.9	14
41	14
41.1	14
41.2	14
41.3	14
41.4	14
41.5	14
41.6	14
41.7	14
41.8	14
41.9	14
42	14
42.1	14
42.2	14
42.3	14
42.4	14
42.5	14
42.6	14
42.7	14
42.8	14
42.9	14
43	14
43.1	14
43.2	14
43.3	14
43.4	14
43.5	14
43.6	14
43.7	14
43.8	14
43.9	14
44	14
44.1	14
44.2	14
44.3	14
44.4	14
44.5	14
44.6	14
44.7	14
44.8	14
44.9	14
45	14
45.1	14
45.2	14
45.3	14
45.4	14
45.5	14
45.6	14
45.7	14
45.8	14
45.9	14
46	14
46.1	14
46.2	14
46.3	14
46.4	14
46.5	14
46.6	14
46.7	14
46.8	14
46.9	14
47	14
47.1	14
47.2	14
47.3	14
47.4	14
47.5	14
47.6	14
47.7	14
47.8	14
47.9	14
48	14
48.1	14
48.2	14
48.3	14
48.4	14
48.5	14
48.6	14
48.7	14
48.8	14
48.9	14
49	14
49.1	14
49.2	14
49.3	14
49.4	14
49.5	14
49.6	14
49.7	14
49.8	14
49.9	14
50	14
50.1	14
50.2	14
50.3	14
50.4	14
50.5	14
50.6	14
50.7	14
50.8	14
50.9	14
51	14
51.1	14
51.2	14
51.3	14
51.4	14
51.5	14
51.6	14
51.7	14
51.8	14
51.9	14
52	14
52.1	14
52.2	14
52.3	14
52.4	14
52.5	14
52.6	14
52.7	14
52.8	14
52.9	14
53	14
53.1	14
53.2	14
53.3	14
53.4	14
53.5	14
53.6	14
53.7	14
53.8	14
53.9	14
54	14
54.1	14
54.2	14
54.3	14
54.4	14
54.5	14
54.6	14
54.7	14
54.8	14
54.9	14
55	14
55.1	14
55.2	14
55.3	14
55.4	14
55.5	14
55.6	14
55.7	14
55.8	14
55.9	14
56	14
56.1	14
56.2	14
56.3	14
56.4	14
56.5	14
56.6	14
56.7	14
56.8	14
56.9	14
57	14
57.1	14
57.2	14
57.3	14
57.4	14
57.5	14
57.6	14
57.7	14
57.8	14
57.9	14
58	10
58.1	10
58.2	10
58.3	10
58.4	10
58.5	10
58.6	10
58.7	10
58.8	10
58.9	10
59	10
59.1	10
59.2	10
59.3	10
59.4	10
59.5	10
59.6	10
59.7	10
59.8	10
59.9	10
60	10
60.1	10
60.2	10
60.3	10
60.4	10
60.5	10
60.6	10
60.7	10
60.8	10
60.9	10
61	10
61.1	10
61.2	10
61.3	10
61.4	10
61.5	10
61.6	10
61.7	10
61.8	10
61.9	10
62	10
62.1	10
62.2	10
62.3	10
62.4	10
62.5	10
62.6	10
62.7	10
62.8	10
62.9	10
63	10
63.1	10
63.2	10
63.3	10
63.4	10
63.5	10
63.6	10
63.7	10
63.8	10
63.9	10
64	10
64.1	10
64.2	10
64.3	10
64.4	10
64.5	10
64.6	10
64.7	10
64.8	10
64.9	10
65	10
65.1	10
65.2	10
65.3	10
65.4	10
65.5	10
65.6	10
65.7	10
65.8	10
65.9	10
66	10
66.1	10
66.2	10
66.3	10
66.4	10
66.5	10
66.6	10
66.7	10
66.8	10
66.9	10
67	10
67.1	10
67.2	10
67.3	10
67.4	10
67.5	10
67.6	10
67.7	10
67.8	10
67.9	10
68	10
68.1	10
68.2	10
68.3	10
68.4	10
68.5	10
68.6	10
68.7	10
68.8	10
68.9	10
69	10
69.1	10
69.2	10
69.3	10
69.4	10
69.5	10
69.6	10
69.7	10
69.8	10
69.9	10
70	10
70.1	10
70.2	10
70.3	10
70.4	10
70.5	10
70.6	10
70.7	10
70.8	10
70.9	10
71	10
71.1	10
71.2	10
71.3	10
71.4	10
71.5	10
71.6	10
71.7	10
71.8	10
71.9	10
72	10
72.1	10
72.2	10
72.3	10
72.4	10
72.5	10
72.6	10
72.7	10
72.8	10
72.9	10
73	10
73.1	10
73.2	10
73.3	10
73.4	10
73.5	10
73.6	10
73.7	10
73.8	10
73.9	10
74	10
74.1	10
74.2	10
74.3	10
74.4	10
74.5	10
74.6	10
74.7	10
74.8	10
74.9	10
75	10
75.1	10
75.2	10
75.3	10
75.4	10
75.5	10
75.6	10
75.7	10
75.8	10
75.9	10
76	10
76.1	10
76.2	10
76.3	10
76.4	10
76.5	10
76.6	10
76.7	10
76.8	10
76.9	10
77	10
77.1	10
77.2	10
77.3	10
77.4	10
77.5	10
77.6	10
77.7	10
77.8	10
77.9	10
78	10
78.1	10
78.2	10
78.3	10
78.4	10
78.5	10
78.6	10
78.7	10
78.8	10
78.9	10
79	10
79.1	10
79.2	10
79.3	10
79.4	10
79.5	10
79.6	10
79.7	10
79.8	10
79.9	10
80	10
80.1	10
80.2	10
80.3	10
80.4	10
80.5	10
80.6	10
80.7	10
80.8	10
80.9	10
81	10
81.1	10
81.2	10
81.3	10
81.4	10
81.5	10
81.6	10
81.7	10
81.8	10
81.9	10
82	10
82.1	10
82.2	10
82.3	10
82.4	10
82.5	10
82.6	10
82.7	10
82.8	10
82.9	10
83	10
83.1	10
83.2	10
83.3	10
83.4	10
83.5	10
83.6	10
83.7	10
83.8	10
83.9	10
84	10
84.1	10
84.2	10
84.3	10
84.4	10
84.5	10
84.6	10
84.7	10
84.8	10
84.9	10
85	10
85.1	10
85.2	10
85.3	10
85.4	10
85.5	10
85.6	10
85.7	10
85.8	10
85.9	10
86	10
86.1	10
86.2	10
86.3	10
86.4	10
86.5	10
86.6	10
86.7	10
86.8	10
86.9	10
87	10
87.1	10
87.2	10
87.3	10
87.4	10
87.5	10
87.6	10
87.7	10
87.8	10
87.9	10
88	10
88.1	10
88.2	10
88.3	10
88.4	10
88.5	10
88.6	10
88.7	10
88.8	10
88.9	10
89	10
89.1	10
89.2	10
89.3	10
89.4	10
89.5	10
89.6	10
89.7	10
89.8	10
89.9	10
90	10
90.1	10
90.2	10
90.3	10
90.4	10
90.5	10
90.6	10
90.7	10
90.8	10
90.9	10
91	10
91.1	10
91.2	10
91.3	10
91.4	10
91.5	10
91.6	10
91.7	10
91.8	10
91.9	10
92	10
92.1	10
92.2	10
92.3	10
92.4	10
92.5	10
92.6	10
92.7	10
92.8	10
92.9	10
93	10
93.1	10
93.2	10
93.3	10
93.4	10
93.5	10
93.6	10
93.7	10
93.8	10
93.9	10
94	10
94.1	10
94.2	10
94.3	10
94.4	10
94.5	10
94.6	10
94.7	10
94.8	10
94.9	10
95	10
95.1	10
95.2	10
95.3	10
95.4	10
95.5	10
95.6	10
95.7	10
95.8	10
95.9	10
96	10
96.1	10
96.2	10
96.3	10
96.4	10
96.5	10
96.6	10
96.7	10
96.8	10
96.9	10
97	10
97.1	10
97.2	10
97.3	10
97.4	10
97.5	10
97.6	10
97.7	10
97.8	10
97.9	10
98	10
98.1	10
98.2	10
98.3	10
98.4	10
98.5	10
98.6	10
98.7	10
98.8	10
98.9	10
99	10
99.1	10
99.2	10
99.3	10
99.4	10
99.5	10
99.6	10
99.7	10
99.8	10
99.9	10
100	10
100.1	10
100.2	10
100.3	10
100.4	10
100.5	10
100.6	10
100.7	10
100.8	10
100.9	10
101	10
101.1	10
101.2	10
101.3	10
101.4	10
101.5	10
101.6	10
101.7	10
101.8	10
101.9	10
102	10
102.1	10
102.2	10
102.3	10
102.4	10
102.5	10
102.6	10
102.7	10
102.8	10
102.9	10
103	10
103.1	10
103.2	10
103.3	10
103.4	10
103.5	10
103.6	10
103.7	10
103.8	10
103.9	10
104	10
104.1	10
104.2	10
104.3	10
104.4	10
104.5	10
104.6	10
104.7	10
104.8	10
104.9	10
105	10
105.1	10
105.2	10
105.3	10
105.4	10
105.5	10
105.6	10
105.7	10
105.8	10
105.9	10
106	10
106.1	10
106.2	10
106.3	10
106.4	10
106.5	10
106.6	10
106.7	10
106.8	10
106.9	10
107	10
107.1	10
107.2	10
107.3	10
107.4	10
107.5	10
107.6	10
107.7	15
107.8	15
107.9	15
108	15
108.1	15
108.2	15
108.3	15
108.4	15
108.5	15
108.6	15
108.7	15
108.8	15
108.9	15
109	15
109.1	15
109.2	15
109.3	15
109.4	15
109.5	15
109.6	15
109.7	15
109.8	15
109.9	15
110	15
110.1	15
110.2	15
110.3	15
110.4	15
110.5	15
110.6	15
110.7	15
110.8	15
110.9	15
111	15
111.1	15
111.2	15
111.3	15
111.4	15
111.5	15
111.6	15
111.7	15
111.8	15
111.9	15
112	15
112.1	15
112.2	15
112.3	15
112.4	15
112.5	15
112.6	15
112.7	15
112.8	15
112.9	15
113	15
113.1	15
113.2	15
113.3	15
113.4	15
113.5	15
113.6	15
113.7	15
113.8	15
113.9	15
114	15
114.1	15
114.2	15
114.3	15
114.4	15
114.5	15
114.6	15
114.7	15
114.8	15
114.9	15
115	15
115.1	15
115.2	15
115.3	15
115.4	15
115.5	15
115.6	15
115.7	15
115.8	15
115.9	15
116	15
116.1	15
116.2	15
116.3	15
116.4	15
116.5	15
116.6	15
116.7	15
116.8	15
116.9	15
117	15
117.1	15
117.2	15
117.3	15
117.4	15
117.5	15
117.6	15
117.7	15
117.8	15
117.9	15
118	15
118.1	15
118.2	15
118.3	15
118.4	15
118.5	15
118.6	15
118.7	15
118.8	15
118.9	15
119	15
119.1	15
119.2	15
119.3	15
119.4	15
119.5	15
119.6	15
119.7	15
119.8	15
119.9	15
120	15
120.1	15
120.2	15
120.3	15
120.4	15
120.5	15
120.6	15
120.7	15
120.8	15
120.9	15
121	15
121.1	15
121.2	15
121.3	15
121.4	15
121.5	15
121.6	15
121.7	15
121.8	15
121.9	15
122	15
122.1	15
122.2	15
122.3	15
122.4	15
122.5	15
122.6	15
122.7	15
122.8	15
122.9	15
123	15
123.1	15
123.2	15
123.3	15
123.4	15
123.5	15
123.6	15
123.7	15
123.8	15
123.9	15
124	15
124.1	15
124.2	15
124.3	15
124.4	15
124.5	15
124.6	15
124.7	15
124.8	15
124.9	15
125	15
125.1	15
125.2	15
125.3	15
125.4	15
125.5	15
125.6	15
125.7	15
125.8	15
125.9	15
126	15
126.1	15
126.2	15
126.3	15
126.4	15
126.5	15
126.6	15
126.7	15
126.8	15
126.9	15
127	15
127.1	15
127.2	15
127.3	15
127.4	15
127.5	15
127.6	15
127.7	15
127.8	15
127.9	15
128	15
128.1	15
128.2	15
128.3	15
128.4	15
128.5	15
128.6	15
128.7	15
128.8	15
128.9	15
129	15
129.1	15
129.2	15
129.3	15
129.4	15
129.5	15
129.6	15
129.7	15
129.8	15
129.9	15
130	15
130.1	15
130.2	15
130.3	15
130.4	15
130.5	15
130.6	15
130.7	15
130.8	15
130.9	15
131	15
131.1	15
131.2	15
131.3	15
131.4	15
131.5	15
131.6	15
131.7	15
131.8	15
131.9	15
132	15
132.1	15
132.2	15
132.3	15
132.4	15
132.5	15
132.6	15
132.7	15
132.8	15
132.9	15
133	15
133.1	15
133.2	15
133.3	15
133.4	15
133.5	15
133.6	15
133.7	15
133.8	15
133.9	15
134	15
134.1	15
134.2	15
134.3	15
134.4	15
134.5	15
134.6	15
134.7	15
134.8	15
134.9	15
135	15
135.1	15
135.2	15
135.3	15
135.4	15
135.5	15
135.6	15
135.7	15
135.8	15
135.9	15
136	15
136.1	15
136.2	15
136.3	15
136.4	15
136.5	15
136.6	15
136.7	15
136.8	15
136.9	15
137	15
137.1	15
137.2	15
137.3	15
137.4	15
137.5	15
137.6	15
137.7	15
137.8	15
137.9	15
138	15
138.1	15
138.2	15
138.3	15
138.4	15
138.5	15
138.6	15
138.7	15
138.8	15
138.9	15
139	15
139.1	15
139.2	15
139.3	15
139.4	15
139.5	15
139.6	15
139.7	15
139.8	15
139.9	15
140	15
140.1	15
140.2	15
140.3	15
140.4	15
140.5	15
140.6	15
140.7	15
140.8	15
140.9	15
141	15
141.1	15
141.2	15
141.3	15
141.4	15
141.5	15
141.6	15
141.7	15
141.8	15
141.9	15
142	15
142.1	15
142.2	15
142.3	15
142.4	15
142.5	15
142.6	15
142.7	15
142.8	15
142.9	15
143	15
143.1	15
143.2	15
143.3	15
143.4	15
143.5	15
143.6	15
143.7	15
143.8	15
143.9	15
144	15
144.1	15
144.2	15
144.3	15
144.4	15
144.5	15
144.6	15
144.7	15
144.8	15
144.9	15
145	15
145.1	15
145.2	15
145.3	15
145.4	15
145.5	15
145.6	15
145.7	15
145.8	15
145.9	15
146	15
146.1	15
146.2	15
146.3	15
146.4	15
146.5	15
146.6	15
146.7	15
146.8	15
146.9	15
147	15
147.1	15
147.2	15
147.3	15
147.4	15
147.5	15
147.6	15
147.7	15
147.8	15
147.9	15
148	15
148.1	15
148.2	15
148.3	15
148.4	15
148.5	15
148.6	15
148.7	15
148.8	15
148.9	15
149	15
149.1	15
149.2	15
149.3	15
149.4	15
149.5	15
149.6	15
149.7	15
149.8	15
149.9	15
150	15
150.1	15
150.2	15
150.3	15
150.4	15
150.5	15
150.6	15
150.7	15
150.8	15
150.9	15
151	15
151.1	15
151.2	15
151.3	15
151.4	15
151.5	15
151.6	15
151.7	15
151.8	15
151.9	15
152	15
152.1	15
152.2	15
152.3	15
152.4	15
152.5	15
152.6	15
152.7	15
152.8	15
152.9	15
153	15
153.1	15
153.2	15
153.3	15
153.4	15
153.5	15
153.6	15
153.7	15
153.8	15
153.9	15
154	15
154.1	15
154.2	15
154.3	15
154.4	15
154.5	15
154.6	15
154.7	15
154.8	15
154.9	15
155	15
155.1	15
155.2	15
155.3	15
155.4	15
155.5	15
155.6	15
155.7	15
155.8	15
155.9	15
156	15
156.1	15
156.2	15
156.3	15
156.4	15
156.5	15
156.6	15
156.7	15
156.8	15
156.9	15
157	15
157.1	15
157.2	15
157.3	15
157.4	15
157.5	14
157.6	14
157.7	14
157.8	14
157.9	14
158	14
158.1	14
158.2	14
158.3	14
158.4	14
158.5	14
158.6	14
158.7	14
158.8	14
158.9	14
159	14
159.1	14
159.2	14
159.3	14
159.4	14
159.5	14
159.6	14
159.7	14
159.8	14
159.9	14
160	14
160.1	14
160.2	14
160.3	14
160.4	14
160.5	14
160.6	14
160.7	14
160.8	14
160.9	14
161	14
161.1	14
161.2	14
161.3	14
161.4	14
161.5	14
161.6	14
161.7	14
161.8	14
161.9	14
162	14
162.1	14
162.2	14
162.3	14
162.4	14
162.5	14
162.6	14
162.7	14
162.8	14
162.9	14
163	14
163.1	14
163.2	14
163.3	14
163.4	14
163.5	14
163.6	14
163.7	14
163.8	14
163.9	14
164	14
164.1	14
164.2	14
164.3	14
164.4	14
164.5	14
164.6	14
164.7	14
164.8	14
164.9	14
165	14
165.1	14
165.2	14
165.3	14
165.4	14
165.5	14
165.6	14
165.7	14
165.8	14
165.9	14
166	14
166.1	14
166.2	14
166.3	14
166.4	14
166.5	14
166.6	14
166.7	14
166.8	14
166.9	14
167	14
167.1	14
167.2	14
167.3	14
167.4	14
167.5	14
167.6	14
167.7	14
167.8	14
167.9	14
168	14
168.1	14
168.2	14
168.3	14
168.4	14
168.5	14
168.6	14
168.7	14
168.8	14
168.9	14
169	14
169.1	14
169.2	14
169.3	14
169.4	14
169.5	14
169.6	14
169.7	14
169.8	14
169.9	14
170	14
170.1	14
170.2	14
170.3	14
170.4	14
170.5	14
170.6	14
170.7	14
170.8	14
170.9	14
171	14
171.1	14
171.2	14
171.3	14
171.4	14
171.5	14
171.6	14
171.7	14
171.8	14
171.9	14
172	14
172.1	14
172.2	14
172.3	14
172.4	14
172.5	14
172.6	14
172.7	14
172.8	14
172.9	14
173	14
173.1	14
173.2	14
173.3	14
173.4	14
173.5	14
173.6	14
173.7	14
173.8	14
173.9	14
174	14
174.1	14
174.2	14
174.3	14
174.4	14
174.5	14
174.6	14
174.7	14
174.8	14
174.9	14
175	14
175.1	14
175.2	14
175.3	14
175.4	14
175.5	14
175.6	14
175.7	14
175.8	14
175.9	14
176	14
176.1	14
176.2	14
176.3	14
176.4	14
176.5	14
176.6	14
176.7	14
176.8	14
176.9	14
177	14
177.1	14
177.2	14
177.3	14
177.4	14
177.5	14
177.6	14
177.7	14
177.8	14
177.9	14
178	14
178.1	14
178.2	14
178.3	14
178.4	14
178.5	14
178.6	14
178.7	14
178.8	14
178.9	14
179	14
179.1	14
179.2	14
179.3	14
179.4	14
179.5	14
179.6	14
179.7	14
179.8	14
179.9	14
180	14
180.1	14
180.2	14
180.3	14
180.4	14
180.5	14
180.6	14
180.7	14
180.8	14
180.9	14
181	14
181.1	14
181.2	14
181.3	14
181.4	14
181.5	14
181.6	14
181.7	14
181.8	14
181.9	14
182	14
182.1	14
182.2	14
182.3	14
182.4	14
182.5	14
182.6	14
182.7	14
182.8	14
182.9	14
183	14
183.1	14
183.2	14
183.3	14
183.4	14
183.5	14
183.6	14
183.7	14
183.8	14
183.9	14
184	14
184.1	14
184.2	14
184.3	14
184.4	14
184.5	14
184.6	14
184.7	14
184.8	14
184.9	14
185	14
185.1	14
185.2	14
185.3	14
185.4	14
185.5	14
185.6	14
185.7	14
185.8	14
185.9	14
186	14
186.1	14
186.2	14
186.3	14
186.4	14
186.5	14
186.6	14
186.7	14
186.8	14
186.9	14
187	14
187.1	14
187.2	14
187.3	14
187.4	14
187.5	14
187.6	14
187.7	14
187.8	14
187.9	14
188	14
188.1	14
188.2	14
188.3	14
188.4	14
188.5	14
188.6	14
188.7	14
188.8	14
188.9	14
189	14
189.1	14
189.2	14
189.3	14
189.4	14
189.5	14
189.6	14
189.7	14
189.8	14
189.9	14
190	14
190.1	14
190.2	14
190.3	14
190.4	14
190.5	14
190.6	14
190.7	14
190.8	14
190.9	14
191	14
191.1	14
191.2	14
191.3	14
191.4	14
191.5	14
191.6	14
191.7	14
191.8	14
191.9	14
192	14
192.1	14
192.2	14
192.3	14
192.4	14
192.5	14
192.6	14
192.7	14
192.8	14
192.9	14
193	14
193.1	14
193.2	14
193.3	14
193.4	14
193.5	14
193.6	14
193.7	14
193.8	14
193.9	14
194	14
194.1	14
194.2	14
194.3	14
194.4	14
194.5	14
194.6	14
194.7	14
194.8	14
194.9	14
195	14
195.1	14
195.2	14
195.3	14
195.4	14
195.5	14
195.6	14
195.7	14
195.8	14
195.9	14
196	14
196.1	14
196.2	14
196.3	14
196.4	14
196.5	14
196.6	14
196.7	14
196.8	14
196.9	14
197	14
197.1	14
197.2	14
197.3	14
197.4	14
197.5	14
197.6	14
197.7	14
197.8	14
197.9	14
198	14
198.1	14
198.2	14
198.3	14
198.4	14
198.5	14
198.6	14
198.7	14
198.8	14
198.9	14
199	14
199.1	14
199.2	14
199.3	14
199.4	14
199.5	14
199.6	14
199.7	14
199.8	14
199.9	14
200	14
200.1	14
200.2	14
200.3	14
200.4	14
200.5	14
200.6	14
200.7	14
200.8	14
200.9	14
201	14
201.1	14
201.2	14
201.3	14
201.4	14
201.5	14
201.6	14
201.7	14
201.8	14
201.9	14
202	14
202.1	14
202.2	14
202.3	14
202.4	14
202.5	14
202.6	14
202.7	14
202.8	14
202.9	14
203	14
203.1	14
203.2	14
203.3	14
203.4	14
203.5	14
203.6	14
203.7	14
203.8	14
203.9	14
204	14
204.1	14
204.2	14
204.3	14
204.4	14
204.5	14
204.6	14
204.7	14
204.8	14
204.9	14
205	14
205.1	14
205.2	14
205.3	14
205.4	14
205.5	14
205.6	14
205.7	14
205.8	14
205.9	14
206	14
206.1	14
206.2	14
206.3	14
206.4	14
206.5	14
206.6	14
206.7	14
206.8	14
206.9	14
207	14
207.1	14
