1 0
2 0
3 -0.56208
4 -1.5975
5 -2.775
6 -3.7547
7 -4.293
8 -4.2688
9 -3.6721
10 -0.59066
11 1.1486
12 2.3603
13 3.4336
14 4.4464
15 5.3068
16 5.869
17 6.0068
18 5.6511
19 4.8022
20 3.5259
21 1.9406
22 0.20031
23 -1.5234
24 -3.0604
25 -4.2595
26 -5.0029
27 -5.2181
28 -4.8842
29 -4.0344
30 -2.7522
31 -1.1634
32 0.57625
33 2.2963
34 3.8283
35 5.0221
36 5.7609
37 5.9722
38 5.6354
39 4.7834
40 3.4995
41 1.9095
42 0.16884
43 -1.552
44 -3.0845
45 -4.2788
46 -5.018
47 -5.2297
48 -4.8931
49 -4.0413
50 -2.7576
51 -1.1676
52 0.57286
53 2.2936
54 3.8261
55 5.0203
56 5.7595
57 5.9711
58 5.6345
59 4.7827
60 3.4989
61 1.909
62 0.16848
63 -1.5523
64 -3.0848
65 -4.279
66 -5.0181
67 -5.2298
68 -4.8932
69 -4.0414
70 -2.7576
71 -1.1677
72 0.57283
73 2.2936
74 3.8261
75 5.0203
76 5.7594
77 5.9711
78 5.6345
79 4.7827
80 3.4989
81 1.909
82 0.16848
83 -1.5523
84 -3.0848
85 -4.279
86 -5.0181
87 -5.2298
88 -4.8932
89 -4.0414
90 -2.7576
91 -1.1677
92 0.57283
93 2.2936
94 3.8261
95 5.0203
96 5.7594
97 5.9711
98 5.6345
99 4.7827
100 3.4989
101 1.909
102 0.16848
103 -1.5523
104 -3.0848
105 -4.279
106 -5.0181
107 -5.2298
108 -4.8932
109 -4.0414
110 1.219
111 3.379
112 4.2523
113 4.814
114 5.4074
115 6.0115
116 6.4587
117 6.573
118 6.2396
119 5.4276
120 4.1862
121 2.6274
122 0.90506
123 -0.80752
124 -2.338
125 -3.533
126 -4.2738
127 -4.4869
128 -4.1513
129 -3.3
130 -2.0165
131 -0.4266
132 1.314
133 3.0348
134 4.5673
135 5.7616
136 6.5008
137 6.7124
138 6.3758
139 5.524
140 4.2402
141 2.6503
142 0.90978
143 -0.81095
144 -2.3435
145 -3.5377
146 -4.2768
147 -4.4885
148 -4.1519
149 -3.3001
150 -2.0163
151 -0.42639
152 1.3141
153 3.0349
154 4.5674
155 5.7616
156 6.5008
157 6.7124
158 6.3758
159 5.524
160 4.2402
161 2.6503
162 0.90978
163 -0.81095
164 -2.3435
165 -3.5377
166 -4.2768
167 -4.4885
168 -4.1519
169 -3.3001
170 -2.0163
171 -0.42639
172 1.3141
173 3.0349
174 4.5674
175 5.7616
176 6.5007
177 6.7123
178 6.3757
179 5.5237
180 4.24
181 2.65
182 0.90951
183 -0.81115
184 -2.3435
185 -3.5376
186 -4.2766
187 -4.488
188 -4.1513
189 -3.2993
190 -2.0156
191 -0.4257
192 1.3147
193 3.0352
194 4.5675
195 5.7615
196 6.5004
197 6.7119
198 6.3751
199 5.5232
200 4.2394
201 2.6495
202 0.90912
203 -0.81144
204 -2.3437
205 -3.5377
206 -4.2766
207 -4.488
208 -4.1512
209 -3.2993
210 -4.998
211 -3.8356
212 -1.4448
213 1.145
214 3.3816
215 5.0183
216 5.9761
217 6.2605
218 5.9214
219 5.0395
220 3.724
221 2.1107
222 0.35667
223 -1.37
224 -2.9038
225 -4.0972
226 -4.8349
227 -5.0452
228 -4.7077
229 -3.8553
230 -2.5714
231 -0.98144
232 0.75893
233 2.4794
234 4.0117
235 5.2057
236 5.9445
237 6.1559
238 5.8192
239 4.9672
240 3.6834
241 2.0935
242 0.35314
243 -1.3674
244 -2.8997
245 -4.0937
246 -4.8326
247 -5.044
248 -4.7072
249 -3.8553
250 -2.5715
251 -0.9816
252 0.75881
253 2.4794
254 4.0116
255 5.2057
256 5.9445
257 6.1559
258 5.8192
259 4.9672
260 3.6835
261 2.0935
262 0.35314
263 -1.3674
264 -2.8997
265 -4.0937
266 -4.8326
267 -5.044
268 -4.7072
269 -3.8553
270 -2.5715
271 -0.9816
272 0.75881
273 2.4794
274 4.0116
275 5.2057
276 5.9445
277 6.1559
278 5.8192
279 4.9672
280 3.6834
281 2.0936
282 0.3532
283 -1.3673
284 -2.8995
285 -4.0935
286 -4.8323
287 -5.0438
288 -4.7071
289 -3.8551
290 -2.5714
291 -0.98163
292 0.75866
293 2.4792
294 4.0114
295 5.2055
296 5.9444
297 6.1559
298 5.8192
299 4.9672
300 3.6835
301 2.0936
302 0.35315
303 -1.3674
304 -2.8997
305 -4.0937
306 -4.8326
307 -5.044
308 -4.7072
309 -3.8553
310 -5.554
311 -4.3916
312 -2.0008
313 0.589
314 2.8257
315 4.4623
316 5.4201
317 5.7045
318 5.3654
319 4.4835
320 3.168
321 1.5547
322 -0.1993
323 -1.926
324 -3.4598
325 -4.6532
326 -5.3909
327 -5.6012
328 -5.2636
329 -4.4113
330 -3.1273
331 -1.5374
332 0.20296
333 1.9235
334 3.4557
335 4.6497
336 5.3886
337 5.6
338 5.2632
339 4.4112
340 3.1275
341 1.5376
342 -0.20284
343 -1.9234
344 -3.4557
345 -4.6497
346 -5.3886
347 -5.6
348 -5.2632
349 -4.4112
350 -3.1275
351 -1.5376
352 0.20284
353 1.9234
354 3.4557
355 4.6497
356 5.3886
357 5.6
358 5.2632
359 4.4112
360 3.1275
361 1.5376
362 -0.20284
363 -1.9234
364 -3.4557
365 -4.6497
366 -5.3886
367 -5.6
368 -5.2632
369 -4.4112
370 -3.1275
371 -1.5376
372 0.20284
373 1.9234
374 3.4557
375 4.6497
376 5.3886
377 5.6
378 5.2632
379 4.4112
380 3.1275
381 1.5376
382 -0.20288
383 -1.9235
384 -3.4558
385 -4.6499
386 -5.3887
387 -5.6001
388 -5.2633
389 -4.4113
390 -3.1275
391 -1.5375
392 0.20295
393 1.9236
394 3.4558
395 4.6498
396 5.3886
397 5.6
398 5.2632
399 4.4112
400 3.1275
