1 0
2 0
3 -0.09368
4 -0.26626
5 -0.4625
6 -0.62579
7 -0.7155
8 -0.71146
9 -0.61201
10 1.5585
11 2.0859
12 1.9265
13 1.6225
14 1.3999
15 1.2975
16 1.2695
17 1.2519
18 1.1939
19 1.0691
20 0.874
21 0.62276
22 0.3403
23 0.056412
24 -0.1989
25 -0.39907
26 -0.52366
27 -0.56014
28 -0.50491
29 -0.36351
30 -0.1499
31 0.11489
32 0.40485
33 0.69155
34 0.9469
35 1.1459
36 1.269
37 1.3042
38 1.2481
39 1.1061
40 0.89213
41 0.62712
42 0.33702
43 0.050215
44 -0.20521
45 -0.40426
46 -0.52746
47 -0.56273
48 -0.50664
49 -0.36467
50 -0.15072
51 0.11427
52 0.40435
53 0.69114
54 0.94656
55 1.1456
56 1.2688
57 1.3041
58 1.248
59 1.106
60 0.89203
61 0.62704
62 0.33696
63 0.050167
64 -0.20525
65 -0.40429
66 -0.52748
67 -0.56275
68 -0.50666
69 -0.36468
70 -0.15073
71 0.11426
72 0.40435
73 0.69114
74 0.94655
75 1.1456
76 1.2688
77 1.3041
78 1.248
79 1.106
80 0.89203
81 0.62704
82 0.33696
83 0.050167
84 -0.20525
85 -0.40429
86 -0.52748
87 -0.56275
88 -0.50666
89 -0.36468
90 -0.15073
91 0.11426
92 0.40435
93 0.69114
94 0.94655
95 1.1456
96 1.2688
97 1.3041
98 1.248
99 1.106
100 0.89203
101 0.62704
102 0.33696
103 0.050167
104 -0.20525
105 -0.40429
106 -0.52748
107 -0.56275
108 -0.50666
109 -0.36468
110 3.8259
111 4.6609
112 4.0839
113 3.2116
114 2.5279
115 2.1368
116 1.9681
117 1.906
118 1.853
119 1.7509
120 1.5792
121 1.3455
122 1.0735
123 0.7949
124 0.54156
125 0.34173
126 0.21691
127 0.18015
128 0.23523
129 0.37666
130 0.5904
131 0.85536
132 1.1455
133 1.4323
134 1.6878
135 1.8869
136 2.0101
137 2.0454
138 1.9893
139 1.8473
140 1.6333
141 1.3683
142 1.0783
143 0.79147
144 0.53605
145 0.33701
146 0.21382
147 0.17855
148 0.23465
149 0.37662
150 0.59057
151 0.85556
152 1.1456
153 1.4324
154 1.6879
155 1.8869
156 2.0101
157 2.0454
158 1.9893
159 1.8473
160 1.6333
161 1.3683
162 1.0783
163 0.79147
164 0.53605
165 0.33701
166 0.21382
167 0.17855
168 0.23465
169 0.37662
170 0.59057
171 0.85556
172 1.1457
173 1.4324
174 1.6879
175 1.8869
176 2.0101
177 2.0453
178 1.9892
179 1.8472
180 1.6333
181 1.3683
182 1.0782
183 0.79149
184 0.53612
185 0.33712
186 0.21397
187 0.17871
188 0.23481
189 0.37678
190 0.59073
191 0.85566
192 1.1457
193 1.4324
194 1.6878
195 1.8868
196 2.01
197 2.0452
198 1.9891
199 1.8472
200 1.6332
201 1.3682
202 1.0782
203 0.79139
204 0.53601
205 0.33701
206 0.21386
207 0.17863
208 0.23475
209 0.37675
210 -2.3917
211 -2.5543
212 -1.6139
213 -0.45785
214 0.5019
215 1.1435
216 1.4856
217 1.5938
218 1.5354
219 1.3635
220 1.1178
221 0.82941
222 0.52571
223 0.23284
224 -0.024099
225 -0.22251
226 -0.34443
227 -0.37855
228 -0.32166
229 -0.17926
230 0.034862
231 0.29987
232 0.5899
233 0.87661
234 1.132
235 1.3309
236 1.4541
237 1.4893
238 1.4332
239 1.2912
240 1.0772
241 0.81224
242 0.52217
243 0.23541
244 -0.019968
245 -0.21897
246 -0.34212
247 -0.37735
248 -0.32122
249 -0.17923
250 0.034731
251 0.29971
252 0.58978
253 0.87654
254 1.1319
255 1.3309
256 1.4541
257 1.4893
258 1.4332
259 1.2912
260 1.0772
261 0.81224
262 0.52217
263 0.23541
264 -0.019969
265 -0.21897
266 -0.34212
267 -0.37735
268 -0.32122
269 -0.17923
270 0.034731
271 0.29971
272 0.58978
273 0.87654
274 1.1319
275 1.3309
276 1.4541
277 1.4893
278 1.4332
279 1.2912
280 1.0772
281 0.81226
282 0.52223
283 0.23554
284 -0.019771
285 -0.21873
286 -0.34188
287 -0.37714
288 -0.32107
289 -0.17912
290 0.034807
291 0.29968
292 0.58963
293 0.87633
294 1.1317
295 1.3307
296 1.454
297 1.4892
298 1.4332
299 1.2912
300 1.0772
301 0.81225
302 0.52218
303 0.23542
304 -0.019965
305 -0.21897
306 -0.34212
307 -0.37735
308 -0.32122
309 -0.17923
310 -2.9477
311 -3.1103
312 -2.1698
313 -1.0138
314 -0.054074
315 0.58754
316 0.92962
317 1.0379
318 0.97938
319 0.80749
320 0.56181
321 0.27343
322 -0.030271
323 -0.32314
324 -0.58008
325 -0.77849
326 -0.90041
327 -0.93452
328 -0.87764
329 -0.73524
330 -0.52111
331 -0.25611
332 0.033925
333 0.32064
334 0.57598
335 0.77496
336 0.89809
337 0.93332
338 0.87719
339 0.7352
340 0.52124
341 0.25626
342 -0.033806
343 -0.32057
344 -0.57594
345 -0.77495
346 -0.89809
347 -0.93333
348 -0.8772
349 -0.73521
350 -0.52125
351 -0.25626
352 0.033806
353 0.32057
354 0.57595
355 0.77495
356 0.89809
357 0.93333
358 0.8772
359 0.73521
360 0.52125
361 0.25626
362 -0.033806
363 -0.32057
364 -0.57595
365 -0.77495
366 -0.89809
367 -0.93333
368 -0.8772
369 -0.73521
370 -0.52125
371 -0.25626
372 0.033806
373 0.32056
374 0.57595
375 0.77495
376 0.8981
377 0.93333
378 0.87721
379 0.73521
380 0.52125
381 0.25625
382 -0.033853
383 -0.32066
384 -0.57609
385 -0.77513
386 -0.89827
387 -0.93348
388 -0.87732
389 -0.73529
390 -0.5213
391 -0.25624
392 0.033918
393 0.32073
394 0.57611
395 0.77508
396 0.89818
397 0.93337
398 0.87721
399 0.7352
400 0.52123
