1 -1.4078
2 -2.5499
3 -2.4769
4 -1.0847
5 1.0453
6 2.9943
7 3.9208
8 3.4036
9 1.6022
10 1.1761
11 -0.64926
12 -2.083
13 -2.1689
14 -0.83784
15 1.2903
16 3.2717
17 4.2425
18 3.7641
19 1.9854
20 -0.42574
21 -2.5254
22 -3.5314
23 -3.0625
24 -1.2941
25 1.1037
26 3.219
27 4.2466
28 3.795
29 2.0369
30 -0.35631
31 -2.4708
32 -3.4993
33 -3.0492
34 -1.2925
35 1.0997
36 3.2135
37 4.2416
38 3.7912
39 2.0343
40 -0.35791
41 -2.4718
42 -3.5
43 -3.0496
44 -1.2928
45 1.0994
46 3.2133
47 4.2414
48 3.791
49 2.0342
50 -0.35802
51 -2.4719
52 -3.5
53 -3.0497
54 -1.2929
55 1.0993
56 3.2132
57 4.2413
58 3.791
59 2.0342
60 -0.35803
61 -2.4719
62 -3.5
63 -3.0497
64 -1.2929
65 1.0993
66 3.2132
67 4.2413
68 3.791
69 2.0342
70 -0.35804
71 -2.4719
72 -3.5
73 -3.0497
74 -1.2929
75 1.0993
76 3.2132
77 4.2413
78 3.791
79 2.0342
80 -0.35804
81 -2.4719
82 -3.5
83 -3.0497
84 -1.2929
85 1.0993
86 3.2132
87 4.2413
88 3.791
89 2.0342
90 -0.35804
91 -2.4719
92 -3.5
93 -3.0497
94 -1.2929
95 1.0993
96 3.2132
97 4.2413
98 3.791
99 2.0342
100 -0.35804
101 -2.4719
102 -3.5
103 -3.0497
104 -1.2929
105 1.0993
106 3.2132
107 4.2413
108 3.791
109 2.0342
110 3.6186
111 2.0748
112 0.17947
113 -0.5292
114 0.28845
115 2.0905
116 3.9125
117 4.8433
118 4.396
119 2.6791
120 0.32918
121 -1.7535
122 -2.7635
123 -2.305
124 -0.54607
125 1.8454
126 3.9576
127 4.9842
128 4.5329
129 2.7755
130 0.38309
131 -1.7308
132 -2.7589
133 -2.3085
134 -0.55162
135 1.8406
136 3.9545
137 4.9827
138 4.5323
139 2.7755
140 0.38327
141 -1.7306
142 -2.7587
143 -2.3084
144 -0.55158
145 1.8406
146 3.9545
147 4.9826
148 4.5323
149 2.7755
150 0.38327
151 -1.7306
152 -2.7587
153 -2.3084
154 -0.55158
155 1.8406
156 3.9545
157 4.9826
158 4.5323
159 2.7755
160 0.38327
161 -1.7306
162 -2.7587
163 -2.3084
164 -0.55158
165 1.8406
166 3.9545
167 4.9826
168 4.5323
169 2.7755
170 0.38327
171 -1.7306
172 -2.7588
173 -2.3084
174 -0.55165
175 1.8405
176 3.9544
177 4.9826
178 4.5323
179 2.7756
180 0.38342
181 -1.7304
182 -2.7585
183 -2.3082
184 -0.55138
185 1.8408
186 3.9545
187 4.9826
188 4.5321
189 2.7754
190 0.38321
191 -1.7306
192 -2.7587
193 -2.3083
194 -0.5515
195 1.8406
196 3.9544
197 4.9825
198 4.5321
199 2.7753
200 0.38317
201 -1.7306
202 -2.7586
203 -2.3082
204 -0.55139
205 1.8407
206 3.9545
207 4.9825
208 4.5321
209 2.7753
210 -2.5993
211 -5.1406
212 -5.5182
213 -4.1986
214 -1.7374
215 1.0974
216 3.43
217 4.5311
218 4.0783
219 2.2916
220 -0.13224
221 -2.2694
222 -3.311
223 -2.8667
224 -1.1115
225 1.2812
226 3.3962
227 4.4253
228 3.9757
229 2.2193
230 -0.17267
231 -2.2864
232 -3.3145
233 -2.8641
234 -1.1073
235 1.2848
236 3.3985
237 4.4265
238 3.9761
239 2.2193
240 -0.17281
241 -2.2866
242 -3.3146
243 -2.8642
244 -1.1074
245 1.2848
246 3.3985
247 4.4265
248 3.9761
249 2.2193
250 -0.17281
251 -2.2866
252 -3.3146
253 -2.8642
254 -1.1074
255 1.2848
256 3.3985
257 4.4265
258 3.9761
259 2.2193
260 -0.17281
261 -2.2866
262 -3.3146
263 -2.8642
264 -1.1074
265 1.2848
266 3.3985
267 4.4265
268 3.9761
269 2.2193
270 -0.17281
271 -2.2866
272 -3.3146
273 -2.8642
274 -1.1074
275 1.2848
276 3.3985
277 4.4265
278 3.9761
279 2.2193
280 -0.17281
281 -2.2865
282 -3.3145
283 -2.864
284 -1.1072
285 1.285
286 3.3988
287 4.4267
288 3.9763
289 2.2194
290 -0.17273
291 -2.2866
292 -3.3147
293 -2.8644
294 -1.1076
295 1.2846
296 3.3984
297 4.4265
298 3.9761
299 2.2193
300 -0.17279
301 -2.2866
302 -3.3146
303 -2.8642
304 -1.1074
305 1.2848
306 3.3985
307 4.4265
308 3.9761
309 2.2193
310 -3.1553
311 -5.6966
312 -6.0742
313 -4.7545
314 -2.2934
315 0.54138
316 2.8741
317 3.9751
318 3.5223
319 1.7356
320 -0.68822
321 -2.8254
322 -3.867
323 -3.4227
324 -1.6675
325 0.72524
326 2.8402
327 3.8694
328 3.4197
329 1.6633
330 -0.72865
331 -2.8424
332 -3.8704
333 -3.4201
334 -1.6633
335 0.72879
336 2.8425
337 3.8705
338 3.4201
339 1.6633
340 -0.72878
341 -2.8425
342 -3.8706
343 -3.4201
344 -1.6633
345 0.72878
346 2.8425
347 3.8706
348 3.4201
349 1.6633
350 -0.72878
351 -2.8425
352 -3.8706
353 -3.4201
354 -1.6633
355 0.72878
356 2.8425
357 3.8706
358 3.4201
359 1.6633
360 -0.72878
361 -2.8425
362 -3.8706
363 -3.4201
364 -1.6633
365 0.72878
366 2.8425
367 3.8706
368 3.4201
369 1.6633
370 -0.72878
371 -2.8425
372 -3.8706
373 -3.4201
374 -1.6633
375 0.72878
376 2.8425
377 3.8706
378 3.4201
379 1.6634
380 -0.72878
381 -2.8426
382 -3.8706
383 -3.4202
384 -1.6635
385 0.7286
386 2.8424
387 3.8704
388 3.42
389 1.6633
390 -0.72884
391 -2.8425
392 -3.8704
393 -3.42
394 -1.6632
395 0.72892
396 2.8426
397 3.8706
398 3.4202
399 1.6633
400 -0.72879
