1 -0.37007
2 -0.77542
3 -1.0415
4 -1.1075
5 -0.98012
6 -0.69941
7 -0.31835
8 0.10802
9 0.528
10 2.8843
11 3.448
12 3.1765
13 2.6271
14 2.053
15 1.53
16 1.0569
17 0.614
18 0.19231
19 -0.1993
20 -0.5382
21 -0.79026
22 -0.93673
23 -0.96302
24 -0.8641
25 -0.6471
26 -0.33142
27 0.053082
28 0.46918
29 0.87621
30 1.2342
31 1.508
32 1.6707
33 1.7062
34 1.6111
35 1.3946
36 1.0779
37 0.692
38 0.27465
39 -0.13328
40 -0.49186
41 -0.76601
42 -0.92887
43 -0.96452
44 -0.86947
45 -0.65302
46 -0.33636
47 0.049508
48 0.46682
49 0.87471
50 1.2333
51 1.5074
52 1.6702
53 1.7059
54 1.6108
55 1.3944
56 1.0777
57 0.69181
58 0.2745
59 -0.1334
60 -0.49196
61 -0.76608
62 -0.92893
63 -0.96457
64 -0.86951
65 -0.65305
66 -0.33639
67 0.049489
68 0.4668
69 0.8747
70 1.2333
71 1.5074
72 1.6702
73 1.7059
74 1.6108
75 1.3944
76 1.0777
77 0.69181
78 0.2745
79 -0.1334
80 -0.49196
81 -0.76608
82 -0.92893
83 -0.96457
84 -0.86951
85 -0.65305
86 -0.33639
87 0.049489
88 0.4668
89 0.8747
90 1.2333
91 1.5074
92 1.6702
93 1.7059
94 1.6108
95 1.3944
96 1.0777
97 0.69181
98 0.2745
99 -0.1334
100 -0.49196
101 -0.76608
102 -0.92893
103 -0.96457
104 -0.86951
105 -0.65305
106 -0.33639
107 0.049489
108 0.4668
109 0.8747
110 5.2099
111 6.0541
112 5.3497
113 4.2264
114 3.1921
115 2.3855
116 1.777
117 1.2937
118 0.87956
119 0.51152
120 0.19525
121 -0.047675
122 -0.19235
123 -0.21984
124 -0.1227
125 0.092971
126 0.408
127 0.79239
128 1.2087
129 1.616
130 1.9744
131 2.2485
132 2.4114
133 2.4471
134 2.3521
135 2.1356
136 1.819
137 1.4331
138 1.0158
139 0.60791
140 0.24934
141 -0.02478
142 -0.18763
143 -0.22327
144 -0.12821
145 0.088251
146 0.40492
147 0.79079
148 1.2081
149 1.616
150 1.9746
151 2.2487
152 2.4115
153 2.4472
154 2.3521
155 2.1357
156 1.819
157 1.4331
158 1.0158
159 0.6079
160 0.24934
161 -0.024781
162 -0.18763
163 -0.22327
164 -0.12821
165 0.088251
166 0.40492
167 0.79079
168 1.2081
169 1.616
170 1.9746
171 2.2487
172 2.4115
173 2.4472
174 2.3521
175 2.1356
176 1.8189
177 1.433
178 1.0157
179 0.60783
180 0.24929
181 -0.024794
182 -0.18759
183 -0.22314
184 -0.128
185 0.088525
186 0.40521
187 0.79107
188 1.2083
189 1.6162
190 1.9747
191 2.2487
192 2.4114
193 2.4469
194 2.3518
195 2.1354
196 1.8187
197 1.4329
198 1.0156
199 0.60779
200 0.24929
201 -0.024767
202 -0.18756
203 -0.22315
204 -0.12805
205 0.088438
206 0.40511
207 0.79097
208 1.2083
209 1.6161
210 -1.0078
211 -1.1613
212 -0.34816
213 0.55669
214 1.166
215 1.3921
216 1.2943
217 0.98149
218 0.56186
219 0.1241
220 -0.26612
221 -0.56358
222 -0.74001
223 -0.7817
224 -0.68815
225 -0.47108
226 -0.15318
227 0.2338
228 0.65184
229 1.0601
230 1.4188
231 1.6929
232 1.8556
233 1.8912
234 1.796
235 1.5795
236 1.2628
237 0.87695
238 0.45967
239 0.051811
240 -0.30669
241 -0.58075
242 -0.74354
243 -0.77913
244 -0.68402
245 -0.46754
246 -0.15087
247 0.235
248 0.65228
249 1.0601
250 1.4186
251 1.6927
252 1.8555
253 1.8911
254 1.796
255 1.5795
256 1.2628
257 0.87696
258 0.45967
259 0.051815
260 -0.30669
261 -0.58075
262 -0.74354
263 -0.77913
264 -0.68402
265 -0.46754
266 -0.15087
267 0.235
268 0.65228
269 1.0601
270 1.4186
271 1.6927
272 1.8555
273 1.8911
274 1.796
275 1.5795
276 1.2628
277 0.87695
278 0.45966
279 0.051807
280 -0.30669
281 -0.58073
282 -0.74348
283 -0.779
284 -0.68383
285 -0.4673
286 -0.15063
287 0.2352
288 0.65244
289 1.0602
290 1.4187
291 1.6927
292 1.8553
293 1.8909
294 1.7958
295 1.5793
296 1.2627
297 0.8769
298 0.45965
299 0.051821
300 -0.30668
301 -0.58074
302 -0.74353
303 -0.77912
304 -0.68402
305 -0.46754
306 -0.15087
307 0.235
308 0.65228
309 1.0601
310 -1.5638
311 -1.7173
312 -0.90413
313 0.00071674
314 0.60998
315 0.83611
316 0.73837
317 0.42551
318 0.00588
319 -0.43187
320 -0.8221
321 -1.1196
322 -1.296
323 -1.3377
324 -1.2441
325 -1.0271
326 -0.70916
327 -0.32218
328 0.095865
329 0.50413
330 0.8628
331 1.1369
332 1.2996
333 1.3352
334 1.24
335 1.0235
336 0.70684
337 0.32097
338 -0.09631
339 -0.50417
340 -0.86267
341 -1.1367
342 -1.2995
343 -1.3351
344 -1.24
345 -1.0235
346 -0.70684
347 -0.32098
348 0.096305
349 0.50416
350 0.86267
351 1.1367
352 1.2995
353 1.3351
354 1.24
355 1.0235
356 0.70684
357 0.32098
358 -0.096305
359 -0.50416
360 -0.86267
361 -1.1367
362 -1.2995
363 -1.3351
364 -1.24
365 -1.0235
366 -0.70684
367 -0.32098
368 0.096305
369 0.50416
370 0.86267
371 1.1367
372 1.2995
373 1.3351
374 1.24
375 1.0235
376 0.70685
377 0.32098
378 -0.096298
379 -0.50416
380 -0.86267
381 -1.1367
382 -1.2996
383 -1.3352
384 -1.2401
385 -1.0237
386 -0.70702
387 -0.32113
388 0.096187
389 0.50408
390 0.86261
391 1.1368
392 1.2996
393 1.3353
394 1.2402
395 1.0236
396 0.70693
397 0.32102
398 -0.096291
399 -0.50417
400 -0.86268
