1 0
2 0
3 -0.71276
4 0.48324
5 -0.44751
6 0.14715
7 0.30311
8 -0.45716
9 0.63267
10 1.5955
11 2.4141
12 2.1075
13 0.7605
14 1.3851
15 0.07293
16 0.46901
17 0.55393
18 -0.20732
19 0.90975
20 -0.084339
21 0.47445
22 0.61792
23 -0.14024
24 0.95842
25 -0.056803
26 0.48593
27 0.61985
28 -0.14264
29 0.95491
30 -0.059861
31 0.4838
32 0.61859
33 -0.14328
34 0.95463
35 -0.059974
36 0.48375
37 0.61855
38 -0.14333
39 0.95457
40 -0.060028
41 0.4837
42 0.61851
43 -0.14337
44 0.95455
45 -0.06005
46 0.48368
47 0.6185
48 -0.14338
49 0.95454
50 -0.060056
51 0.48367
52 0.61849
53 -0.14338
54 0.95454
55 -0.060058
56 0.48367
57 0.61849
58 -0.14338
59 0.95453
60 -0.060059
61 0.48367
62 0.61849
63 -0.14338
64 0.95453
65 -0.060059
66 0.48367
67 0.61849
68 -0.14338
69 0.95453
70 -0.060059
71 0.48367
72 0.61849
73 -0.14338
74 0.95453
75 -0.060059
76 0.48367
77 0.61849
78 -0.14338
79 0.95453
80 -0.060059
81 0.48367
82 0.61849
83 -0.14338
84 0.95453
85 -0.060059
86 0.48367
87 0.61849
88 -0.14338
89 0.95453
90 -0.060059
91 0.48367
92 0.61849
93 -0.14338
94 0.95453
95 -0.060059
96 0.48367
97 0.61849
98 -0.14338
99 0.95453
100 -0.060059
101 0.48367
102 0.61849
103 -0.14338
104 0.95453
105 -0.060059
106 0.48367
107 0.61849
108 -0.14338
109 0.95453
110 3.9165
111 5.0304
112 4.298
113 2.3771
114 2.5359
115 0.93112
116 1.1829
117 1.2204
118 0.46167
119 1.5995
120 0.62715
121 1.2021
122 1.3551
123 0.60135
124 1.7013
125 0.68596
126 1.2281
127 1.3614
128 0.59851
129 1.6959
130 0.68107
131 1.2248
132 1.3596
133 0.59782
134 1.6958
135 0.68123
136 1.225
137 1.3598
138 0.59793
139 1.6958
140 0.68125
141 1.225
142 1.3598
143 0.59792
144 1.6958
145 0.68124
146 1.225
147 1.3598
148 0.59792
149 1.6958
150 0.68124
151 1.225
152 1.3598
153 0.59792
154 1.6958
155 0.68124
156 1.225
157 1.3598
158 0.59792
159 1.6958
160 0.68124
161 1.225
162 1.3598
163 0.59792
164 1.6958
165 0.68124
166 1.225
167 1.3598
168 0.59792
169 1.6958
170 0.68124
171 1.225
172 1.3598
173 0.59792
174 1.6958
175 0.68124
176 1.225
177 1.3598
178 0.59791
179 1.6958
180 0.68124
181 1.225
182 1.3598
183 0.59799
184 1.696
185 0.68137
186 1.2251
187 1.3599
188 0.598
189 1.6959
190 0.68127
191 1.225
192 1.3597
193 0.59781
194 1.6957
195 0.68115
196 1.2249
197 1.3598
198 0.59791
199 1.6958
200 0.68125
201 1.225
202 1.3598
203 0.59792
204 1.6958
205 0.68124
206 1.225
207 1.3598
208 0.59792
209 1.6958
210 -2.3012
211 -2.185
212 -1.3998
213 -1.2924
214 0.50985
215 -0.062143
216 0.70052
217 0.90835
218 0.14413
219 1.2122
220 0.16583
221 0.68617
222 0.80735
223 0.039367
224 1.1357
225 0.12172
226 0.66669
227 0.80262
228 0.0415
229 1.1398
230 0.12539
231 0.66915
232 0.80394
233 0.042012
234 1.1399
235 0.12527
236 0.669
237 0.80381
238 0.041935
239 1.1399
240 0.12526
241 0.669
242 0.80382
243 0.04194
244 1.1399
245 0.12526
246 0.669
247 0.80382
248 0.04194
249 1.1399
250 0.12526
251 0.669
252 0.80382
253 0.04194
254 1.1399
255 0.12526
256 0.669
257 0.80382
258 0.04194
259 1.1399
260 0.12526
261 0.669
262 0.80382
263 0.04194
264 1.1399
265 0.12526
266 0.669
267 0.80382
268 0.04194
269 1.1399
270 0.12526
271 0.669
272 0.80382
273 0.041941
274 1.1399
275 0.12526
276 0.669
277 0.80381
278 0.041931
279 1.1399
280 0.12526
281 0.66902
282 0.80388
283 0.042065
284 1.1401
285 0.1255
286 0.66924
287 0.80402
288 0.042098
289 1.14
290 0.12534
291 0.66897
292 0.80367
293 0.041723
294 1.1396
295 0.12508
296 0.66888
297 0.80376
298 0.041922
299 1.1399
300 0.12528
301 0.66901
302 0.80383
303 0.041947
304 1.1399
305 0.12526
306 0.669
307 0.80382
308 0.041939
309 1.1399
310 -2.8572
311 -2.741
312 -1.9558
313 -1.8484
314 -0.046131
315 -0.61812
316 0.14455
317 0.35237
318 -0.41185
319 0.65618
320 -0.39015
321 0.13019
322 0.25138
323 -0.51661
324 0.57976
325 -0.43425
326 0.11071
327 0.24664
328 -0.51448
329 0.58386
330 -0.43058
331 0.11318
332 0.24796
333 -0.51396
334 0.58392
335 -0.4307
336 0.11302
337 0.24783
338 -0.51404
339 0.58388
340 -0.43072
341 0.11302
342 0.24784
343 -0.51404
344 0.58389
345 -0.43071
346 0.11302
347 0.24784
348 -0.51404
349 0.58389
350 -0.43071
351 0.11302
352 0.24784
353 -0.51404
354 0.58389
355 -0.43071
356 0.11302
357 0.24784
358 -0.51404
359 0.58389
360 -0.43071
361 0.11302
362 0.24784
363 -0.51404
364 0.58389
365 -0.43071
366 0.11302
367 0.24784
368 -0.51404
369 0.58389
370 -0.43071
371 0.11302
372 0.24784
373 -0.51404
374 0.58389
375 -0.43071
376 0.11303
377 0.24785
378 -0.51403
379 0.58389
380 -0.43071
381 0.11301
382 0.24779
383 -0.51413
384 0.58374
385 -0.4309
386 0.11284
387 0.24769
388 -0.51415
389 0.58381
390 -0.43077
391 0.11305
392 0.24795
393 -0.51387
394 0.58405
395 -0.43058
396 0.11311
397 0.24788
398 -0.51402
399 0.58388
400 -0.43073
