1 -2.2204
2 -4.6525
3 -6.2489
4 -6.6451
5 -5.8807
6 -4.1964
7 -1.9101
8 0.64812
9 3.168
10 7.3644
11 9.3215
12 9.8605
13 9.4611
14 8.3645
15 6.702
16 4.5931
17 2.1792
18 -0.35881
19 -2.8081
20 -4.9472
21 -6.5376
22 -7.4618
23 -7.64
24 -7.0516
25 -5.7477
26 -3.8495
27 -1.5388
28 0.96036
29 3.4039
30 5.5525
31 7.1954
32 8.1714
33 8.3845
34 7.8136
35 6.5145
36 4.6142
37 2.2987
38 -0.20535
39 -2.6529
40 -4.8044
41 -6.4493
42 -7.4265
43 -7.6404
44 -7.0701
45 -5.7714
46 -3.8714
47 -1.5562
48 0.94765
49 3.395
50 5.5464
51 7.1911
52 8.1682
53 8.382
54 7.8116
55 6.5129
56 4.6129
57 2.2976
58 -0.20624
59 -2.6536
60 -4.805
61 -6.4497
62 -7.4269
63 -7.6407
64 -7.0703
65 -5.7716
66 -3.8716
67 -1.5563
68 0.94756
69 3.395
70 5.5463
71 7.1911
72 8.1682
73 8.382
74 7.8116
75 6.5129
76 4.6129
77 2.2976
78 -0.20625
79 -2.6537
80 -4.805
81 -6.4498
82 -7.4269
83 -7.6407
84 -7.0703
85 -5.7716
86 -3.8716
87 -1.5563
88 0.94756
89 3.395
90 5.5463
91 7.1911
92 8.1682
93 8.382
94 7.8116
95 6.5129
96 4.6129
97 2.2976
98 -0.20625
99 -2.6537
100 -4.805
101 -6.4498
102 -7.4269
103 -7.6407
104 -7.0703
105 -5.7716
106 -3.8716
107 -1.5563
108 0.94756
109 3.395
110 9.5229
111 11.738
112 11.848
113 10.902
114 9.3929
115 7.504
116 5.3121
117 2.8995
118 0.3988
119 -2.0087
120 -4.1178
121 -5.7313
122 -6.6903
123 -6.896
124 -6.3235
125 -5.0255
126 -3.1272
127 -0.81342
128 1.6894
129 4.1363
130 6.2875
131 7.9322
132 8.9093
133 9.1232
134 8.5529
135 7.2542
136 5.3542
137 3.0389
138 0.53506
139 -1.9123
140 -4.0637
141 -5.7085
142 -6.6856
143 -6.8994
144 -6.329
145 -5.0303
146 -3.1303
147 -0.81502
148 1.6889
149 4.1363
150 6.2876
151 7.9324
152 8.9095
153 9.1233
154 8.5529
155 7.2542
156 5.3542
157 3.0389
158 0.53505
159 -1.9124
160 -4.0637
161 -5.7085
162 -6.6856
163 -6.8994
164 -6.329
165 -5.0303
166 -3.1303
167 -0.81502
168 1.6889
169 4.1363
170 6.2876
171 7.9324
172 8.9095
173 9.1232
174 8.5528
175 7.2539
176 5.3538
177 3.0385
178 0.5346
179 -1.9128
180 -4.064
181 -5.7086
182 -6.6854
183 -6.8989
184 -6.3282
185 -5.0292
186 -3.1291
187 -0.81386
188 1.6899
189 4.137
190 6.288
191 7.9323
192 8.909
193 9.1225
194 8.5518
195 7.2529
196 5.3529
197 3.0378
198 0.53411
199 -1.913
200 -4.064
201 -5.7084
202 -6.6852
203 -6.8987
204 -6.328
205 -5.0291
206 -3.1291
207 -0.81392
208 1.6898
209 4.1369
210 3.3055
211 4.5223
212 6.1494
213 7.2322
214 7.366
215 6.5097
216 4.8286
217 2.5864
218 0.080333
219 -2.3967
220 -4.5795
221 -6.2472
222 -7.2376
223 -7.4572
224 -6.8882
225 -5.5887
226 -3.6874
227 -1.3711
228 1.1334
229 3.5809
230 5.7321
231 7.3765
232 8.3532
233 8.5667
234 7.996
235 6.6971
236 4.797
237 2.4818
238 -0.021857
239 -2.469
240 -4.62
241 -6.2644
242 -7.2411
243 -7.4547
244 -6.884
245 -5.5851
246 -3.6851
247 -1.3699
248 1.1338
249 3.5809
250 5.732
251 7.3764
252 8.3531
253 8.5666
254 7.996
255 6.6971
256 4.797
257 2.4819
258 -0.021852
259 -2.469
260 -4.62
261 -6.2644
262 -7.2411
263 -7.4547
264 -6.884
265 -5.5851
266 -3.6851
267 -1.3699
268 1.1338
269 3.5809
270 5.732
271 7.3764
272 8.3531
273 8.5666
274 7.996
275 6.6971
276 4.797
277 2.4818
278 -0.021861
279 -2.469
280 -4.62
281 -6.2644
282 -7.2411
283 -7.4545
284 -6.8838
285 -5.5849
286 -3.6848
287 -1.3697
288 1.134
289 3.5811
290 5.7321
291 7.3763
292 8.3529
293 8.5664
294 7.9958
295 6.6969
296 4.7969
297 2.4818
298 -0.02187
299 -2.469
300 -4.62
301 -6.2644
302 -7.2411
303 -7.4546
304 -6.884
305 -5.5851
306 -3.6851
307 -1.3699
308 1.1338
309 3.5809
310 2.7495
311 3.9663
312 5.5935
313 6.6762
314 6.81
315 5.9537
316 4.2726
317 2.0304
318 -0.47564
319 -2.9527
320 -5.1354
321 -6.8032
322 -7.7936
323 -8.0132
324 -7.4441
325 -6.1446
326 -4.2434
327 -1.9271
328 0.57739
329 3.0249
330 5.1761
331 6.8205
332 7.7972
333 8.0107
334 7.44
335 6.1411
336 4.2411
337 1.9259
338 -0.57783
339 -3.025
340 -5.176
341 -6.8204
342 -7.7971
343 -8.0106
344 -7.44
345 -6.1411
346 -4.2411
347 -1.9259
348 0.57783
349 3.025
350 5.176
351 6.8204
352 7.7971
353 8.0106
354 7.44
355 6.1411
356 4.2411
357 1.9259
358 -0.57783
359 -3.025
360 -5.176
361 -6.8204
362 -7.7971
363 -8.0106
364 -7.44
365 -6.1411
366 -4.2411
367 -1.9259
368 0.57783
369 3.025
370 5.176
371 6.8204
372 7.7971
373 8.0106
374 7.44
375 6.1411
376 4.2411
377 1.9259
378 -0.57782
379 -3.025
380 -5.176
381 -6.8204
382 -7.7972
383 -8.0107
384 -7.4402
385 -6.1413
386 -4.2412
387 -1.926
388 0.57771
389 3.0249
390 5.1759
391 6.8204
392 7.7972
393 8.0108
394 7.4402
395 6.1412
396 4.2411
397 1.9259
398 -0.57781
399 -3.025
400 -5.176
