1 0
2 0
3 -0.35638
4 -0.91166
5 -1.3079
6 -1.2514
7 -0.67009
8 0.2574
9 1.1846
10 3.7345
11 3.983
12 2.9112
13 1.3213
14 -0.15521
15 -1.0762
16 -1.2328
17 -0.67592
18 0.31377
19 1.3252
20 1.961
21 1.9786
22 1.3752
23 0.3854
24 -0.60977
25 -1.2288
26 -1.2347
27 -0.62549
28 0.3658
29 1.3601
30 1.9773
31 1.9814
32 1.3707
33 0.37826
34 -0.6168
35 -1.2345
36 -1.2389
37 -0.62842
38 0.3638
39 1.3587
40 1.9763
41 1.9806
42 1.3701
43 0.37776
44 -0.61722
45 -1.2348
46 -1.2392
47 -0.62865
48 0.36362
49 1.3586
50 1.9762
51 1.9806
52 1.37
53 0.3777
54 -0.61726
55 -1.2349
56 -1.2392
57 -0.62867
58 0.36361
59 1.3586
60 1.9762
61 1.9805
62 1.37
63 0.3777
64 -0.61727
65 -1.2349
66 -1.2392
67 -0.62867
68 0.3636
69 1.3586
70 1.9762
71 1.9805
72 1.37
73 0.3777
74 -0.61727
75 -1.2349
76 -1.2392
77 -0.62867
78 0.3636
79 1.3586
80 1.9762
81 1.9805
82 1.37
83 0.3777
84 -0.61727
85 -1.2349
86 -1.2392
87 -0.62867
88 0.3636
89 1.3586
90 1.9762
91 1.9805
92 1.37
93 0.3777
94 -0.61727
95 -1.2349
96 -1.2392
97 -0.62867
98 0.3636
99 1.3586
100 1.9762
101 1.9805
102 1.37
103 0.3777
104 -0.61727
105 -1.2349
106 -1.2392
107 -0.62867
108 0.3636
109 1.3586
110 5.9528
111 6.5272
112 5.0495
113 2.8982
114 0.96406
115 -0.24371
116 -0.53997
117 -0.026748
118 0.96866
119 2.0035
120 2.6634
121 2.6989
122 2.1066
123 1.1224
124 0.12954
125 -0.48886
126 -0.49485
127 0.11423
128 1.1055
129 2.0999
130 2.7173
131 2.7216
132 2.1111
133 1.1189
134 0.12399
135 -0.49359
136 -0.49793
137 0.11264
138 1.1049
139 2.0999
140 2.7175
141 2.7218
142 2.1113
143 1.119
144 0.12403
145 -0.49358
146 -0.49794
147 0.11263
148 1.1049
149 2.0999
150 2.7175
151 2.7218
152 2.1113
153 1.119
154 0.12403
155 -0.49358
156 -0.49794
157 0.11263
158 1.1049
159 2.0999
160 2.7175
161 2.7218
162 2.1113
163 1.119
164 0.12403
165 -0.49358
166 -0.49794
167 0.11263
168 1.1049
169 2.0999
170 2.7175
171 2.7218
172 2.1113
173 1.119
174 0.12403
175 -0.49359
176 -0.49796
177 0.11258
178 1.1048
179 2.0998
180 2.7174
181 2.7218
182 2.1113
183 1.1191
184 0.12423
185 -0.49335
186 -0.49771
187 0.11282
188 1.105
189 2.0999
190 2.7175
191 2.7217
192 2.1111
193 1.1188
194 0.12391
195 -0.49363
196 -0.49792
197 0.11268
198 1.105
199 2.0999
200 2.7174
201 2.7218
202 2.1112
203 1.1189
204 0.12403
205 -0.49353
206 -0.49785
207 0.11272
208 1.105
209 2.0999
210 -0.26501
211 -0.68825
212 -0.64844
213 -0.77142
214 -1.062
215 -1.2369
216 -1.0223
217 -0.33873
218 0.65117
219 1.6162
220 2.202
221 2.183
222 1.5587
223 0.56039
224 -0.43608
225 -1.053
226 -1.0561
227 -0.44446
228 0.54854
229 1.5439
230 2.1616
231 2.1659
232 1.5553
233 0.56304
234 -0.43191
235 -1.0495
236 -1.0538
237 -0.44327
238 0.54898
239 1.5439
240 2.1615
241 2.1658
242 1.5552
243 0.56297
244 -0.43195
245 -1.0495
246 -1.0538
247 -0.44326
248 0.54898
249 1.5439
250 2.1615
251 2.1658
252 1.5552
253 0.56297
254 -0.43195
255 -1.0495
256 -1.0538
257 -0.44326
258 0.54898
259 1.5439
260 2.1615
261 2.1658
262 1.5552
263 0.56297
264 -0.43195
265 -1.0495
266 -1.0538
267 -0.44326
268 0.54898
269 1.5439
270 2.1615
271 2.1658
272 1.5552
273 0.56297
274 -0.43195
275 -1.0495
276 -1.0538
277 -0.44327
278 0.54898
279 1.5439
280 2.1615
281 2.1658
282 1.5553
283 0.56309
284 -0.43175
285 -1.0493
286 -1.0536
287 -0.44305
288 0.54914
289 1.544
290 2.1615
291 2.1658
292 1.5551
293 0.56275
294 -0.43217
295 -1.0497
296 -1.0539
297 -0.44332
298 0.54897
299 1.5439
300 2.1615
301 2.1658
302 1.5552
303 0.56298
304 -0.43194
305 -1.0495
306 -1.0538
307 -0.44326
308 0.54898
309 1.5439
310 -0.82099
311 -1.2442
312 -1.2044
313 -1.3274
314 -1.6179
315 -1.7929
316 -1.5783
317 -0.8947
318 0.095193
319 1.0602
320 1.6461
321 1.627
322 1.0028
323 0.0044181
324 -0.99205
325 -1.609
326 -1.6121
327 -1.0004
328 -0.0074318
329 0.98789
330 1.6056
331 1.61
332 0.99936
333 0.007064
334 -0.98789
335 -1.6055
336 -1.6098
337 -0.99924
338 -0.0069974
339 0.98792
340 1.6055
341 1.6098
342 0.99924
343 0.006992
344 -0.98792
345 -1.6055
346 -1.6098
347 -0.99924
348 -0.0069918
349 0.98792
350 1.6055
351 1.6098
352 0.99924
353 0.0069918
354 -0.98792
355 -1.6055
356 -1.6098
357 -0.99924
358 -0.0069918
359 0.98792
360 1.6055
361 1.6098
362 0.99924
363 0.0069918
364 -0.98792
365 -1.6055
366 -1.6098
367 -0.99924
368 -0.0069919
369 0.98792
370 1.6055
371 1.6098
372 0.99924
373 0.0069914
374 -0.98792
375 -1.6055
376 -1.6098
377 -0.99923
378 -0.006985
379 0.98793
380 1.6055
381 1.6098
382 0.99919
383 0.0068981
384 -0.98807
385 -1.6057
386 -1.61
387 -0.99939
388 -0.0071097
389 0.98784
390 1.6054
391 1.6098
392 0.99935
393 0.0071545
394 -0.98776
395 -1.6054
396 -1.6097
397 -0.99919
398 -0.0069781
399 0.98792
400 1.6055
