1 -2.8157
2 4.0118
3 -3.1934
4 1.9016
5 0.76335
6 -2.7002
7 3.8481
8 -3.4185
9 1.7149
10 2.6299
11 -0.49195
12 5.6603
13 -2.1655
14 2.5076
15 1.1444
16 -2.4016
17 4.1202
18 -3.1137
19 2.038
20 0.98733
21 -2.3516
22 4.1075
23 -2.9864
24 2.05
25 1.0067
26 -2.3354
27 4.1177
28 -2.9816
29 2.0513
30 1.0061
31 -2.3366
32 4.1166
33 -2.9825
34 2.0507
35 1.0058
36 -2.3368
37 4.1165
38 -2.9826
39 2.0507
40 1.0057
41 -2.3368
42 4.1164
43 -2.9826
44 2.0506
45 1.0057
46 -2.3368
47 4.1164
48 -2.9826
49 2.0506
50 1.0057
51 -2.3368
52 4.1164
53 -2.9826
54 2.0506
55 1.0057
56 -2.3368
57 4.1164
58 -2.9826
59 2.0506
60 1.0057
61 -2.3368
62 4.1164
63 -2.9826
64 2.0506
65 1.0057
66 -2.3368
67 4.1164
68 -2.9826
69 2.0506
70 1.0057
71 -2.3368
72 4.1164
73 -2.9826
74 2.0506
75 1.0057
76 -2.3368
77 4.1164
78 -2.9826
79 2.0506
80 1.0057
81 -2.3368
82 4.1164
83 -2.9826
84 2.0506
85 1.0057
86 -2.3368
87 4.1164
88 -2.9826
89 2.0506
90 1.0057
91 -2.3368
92 4.1164
93 -2.9826
94 2.0506
95 1.0057
96 -2.3368
97 4.1164
98 -2.9826
99 2.0506
100 1.0057
101 -2.3368
102 4.1164
103 -2.9826
104 2.0506
105 1.0057
106 -2.3368
107 4.1164
108 -2.9826
109 2.0506
110 4.9823
111 2.2098
112 7.7959
113 -0.46215
114 3.6319
115 1.9969
116 -1.6376
117 4.7183
118 -2.3776
119 2.6955
120 1.6929
121 -1.6184
122 4.853
123 -2.2379
124 2.7974
125 1.7517
126 -1.5924
127 4.8593
128 -2.2407
129 2.792
130 1.7468
131 -1.5957
132 4.8576
133 -2.2414
134 2.7919
135 1.747
136 -1.5955
137 4.8577
138 -2.2413
139 2.7919
140 1.747
141 -1.5955
142 4.8577
143 -2.2413
144 2.7919
145 1.747
146 -1.5955
147 4.8577
148 -2.2413
149 2.7919
150 1.747
151 -1.5955
152 4.8577
153 -2.2413
154 2.7919
155 1.747
156 -1.5955
157 4.8577
158 -2.2413
159 2.7919
160 1.747
161 -1.5955
162 4.8577
163 -2.2413
164 2.7919
165 1.747
166 -1.5955
167 4.8577
168 -2.2413
169 2.7919
170 1.747
171 -1.5955
172 4.8577
173 -2.2413
174 2.7919
175 1.747
176 -1.5955
177 4.8577
178 -2.2413
179 2.7919
180 1.747
181 -1.5955
182 4.8578
183 -2.2413
184 2.792
185 1.7471
186 -1.5954
187 4.8578
188 -2.2413
189 2.792
190 1.747
191 -1.5956
192 4.8577
193 -2.2415
194 2.7918
195 1.7469
196 -1.5956
197 4.8577
198 -2.2414
199 2.7919
200 1.747
201 -1.5955
202 4.8578
203 -2.2414
204 2.7919
205 1.747
206 -1.5955
207 4.8577
208 -2.2414
209 2.7919
210 -1.2355
211 -5.0056
212 2.0981
213 -4.1317
214 1.6059
215 1.0036
216 -2.12
217 4.4063
218 -2.6952
219 2.3083
220 1.2316
221 -2.1344
222 4.3053
223 -2.7999
224 2.2318
225 1.1875
226 -2.1538
227 4.3006
228 -2.7978
229 2.2359
230 1.1911
231 -2.1514
232 4.3019
233 -2.7973
234 2.236
235 1.191
236 -2.1515
237 4.3018
238 -2.7973
239 2.236
240 1.191
241 -2.1515
242 4.3018
243 -2.7973
244 2.236
245 1.191
246 -2.1515
247 4.3018
248 -2.7973
249 2.236
250 1.191
251 -2.1515
252 4.3018
253 -2.7973
254 2.236
255 1.191
256 -2.1515
257 4.3018
258 -2.7973
259 2.236
260 1.191
261 -2.1515
262 4.3018
263 -2.7973
264 2.236
265 1.191
266 -2.1515
267 4.3018
268 -2.7973
269 2.236
270 1.191
271 -2.1515
272 4.3018
273 -2.7973
274 2.236
275 1.191
276 -2.1515
277 4.3018
278 -2.7973
279 2.236
280 1.191
281 -2.1515
282 4.3018
283 -2.7972
284 2.2362
285 1.1913
286 -2.1513
287 4.302
288 -2.7972
289 2.2361
290 1.1911
291 -2.1516
292 4.3016
293 -2.7976
294 2.2357
295 1.1908
296 -2.1516
297 4.3017
298 -2.7974
299 2.236
300 1.191
301 -2.1515
302 4.3018
303 -2.7973
304 2.236
305 1.191
306 -2.1515
307 4.3018
308 -2.7973
309 2.236
310 -1.7914
311 -5.5615
312 1.5421
313 -4.6877
314 1.05
315 0.44763
316 -2.676
317 3.8503
318 -3.2511
319 1.7523
320 0.67561
321 -2.6903
322 3.7493
323 -3.3559
324 1.6759
325 0.6315
326 -2.7098
327 3.7446
328 -3.3538
329 1.68
330 0.63517
331 -2.7073
332 3.7459
333 -3.3532
334 1.68
335 0.63505
336 -2.7075
337 3.7458
338 -3.3533
339 1.68
340 0.63504
341 -2.7075
342 3.7458
343 -3.3533
344 1.68
345 0.63504
346 -2.7075
347 3.7458
348 -3.3533
349 1.68
350 0.63504
351 -2.7075
352 3.7458
353 -3.3533
354 1.68
355 0.63504
356 -2.7075
357 3.7458
358 -3.3533
359 1.68
360 0.63504
361 -2.7075
362 3.7458
363 -3.3533
364 1.68
365 0.63504
366 -2.7075
367 3.7458
368 -3.3533
369 1.68
370 0.63504
371 -2.7075
372 3.7458
373 -3.3533
374 1.68
375 0.63504
376 -2.7075
377 3.7458
378 -3.3533
379 1.68
380 0.63504
381 -2.7075
382 3.7457
383 -3.3534
384 1.6798
385 0.63486
386 -2.7077
387 3.7456
388 -3.3534
389 1.6799
390 0.63498
391 -2.7075
392 3.7459
393 -3.3532
394 1.6802
395 0.63517
396 -2.7074
397 3.7458
398 -3.3533
399 1.68
400 0.63503
