1 1.1756
2 -1.9021
3 1.9021
4 -1.1756
5 -9.7972e-16
6 1.1756
7 -1.9021
8 1.9021
9 -1.1756
10 -1.9594e-15
11 1.1756
12 -1.9021
13 1.9021
14 -1.1756
15 -2.9392e-15
16 1.1756
17 -1.9021
18 1.9021
19 -1.1756
20 -3.9189e-15
21 1.1756
22 -1.9021
23 1.9021
24 -1.1756
25 -4.8986e-15
26 1.1756
27 -1.9021
28 1.9021
29 -1.1756
30 -5.8783e-15
31 1.1756
32 -1.9021
33 1.9021
34 -1.1756
35 -6.858e-15
36 1.1756
37 -1.9021
38 1.9021
39 -1.1756
40 -7.8377e-15
41 1.1756
42 -1.9021
43 1.9021
44 -1.1756
45 -8.8175e-15
46 1.1756
47 -1.9021
48 1.9021
49 -1.1756
50 -9.7972e-15
51 1.1756
52 -1.9021
53 1.9021
54 -1.1756
55 -3.9199e-14
56 1.1756
57 -1.9021
58 1.9021
59 -1.1756
60 -1.1757e-14
61 1.1756
62 -1.9021
63 1.9021
64 -1.1756
65 1.5685e-14
66 1.1756
67 -1.9021
68 1.9021
69 -1.1756
70 -1.3716e-14
71 1.1756
72 -1.9021
73 1.9021
74 -1.1756
75 -4.3117e-14
76 1.1756
77 -1.9021
78 1.9021
79 -1.1756
80 -1.5675e-14
81 1.1756
82 -1.9021
83 1.9021
84 -1.1756
85 1.1767e-14
86 1.1756
87 -1.9021
88 1.9021
89 -1.1756
90 -1.7635e-14
91 1.1756
92 -1.9021
93 1.9021
94 -1.1756
95 -4.7036e-14
96 1.1756
97 -1.9021
98 1.9021
99 -1.1756
100 -1.9594e-14
101 1.1756
102 -1.9021
103 1.9021
104 -1.1756
105 7.8476e-15
106 1.1756
107 -1.9021
108 1.9021
109 -1.1756
110 -7.8397e-14
111 1.1756
112 -1.9021
113 1.9021
114 -1.1756
115 -5.0955e-14
116 1.1756
117 -1.9021
118 1.9021
119 -1.1756
120 -2.3513e-14
121 1.1756
122 -1.9021
123 1.9021
124 -1.1756
125 3.9288e-15
126 1.1756
127 -1.9021
128 1.9021
129 -1.1756
130 3.1371e-14
131 1.1756
132 -1.9021
133 1.9021
134 -1.1756
135 -5.4874e-14
136 1.1756
137 -1.9021
138 1.9021
139 -1.1756
140 -2.7432e-14
141 1.1756
142 -1.9021
143 1.9021
144 -1.1756
145 9.9037e-18
146 1.1756
147 -1.9021
148 1.9021
149 -1.1756
150 -8.6235e-14
151 1.1756
152 -1.9021
153 1.9021
154 -1.1756
155 -5.8793e-14
156 1.1756
157 -1.9021
158 1.9021
159 -1.1756
160 -3.1351e-14
161 1.1756
162 -1.9021
163 1.9021
164 -1.1756
165 -3.909e-15
166 1.1756
167 -1.9021
168 1.9021
169 -1.1756
170 2.3533e-14
171 1.1756
172 -1.9021
173 1.9021
174 -1.1756
175 -6.2712e-14
176 1.1756
177 -1.9021
178 1.9021
179 -1.1756
180 -3.527e-14
181 1.1756
182 -1.9021
183 1.9021
184 -1.1756
185 -7.8278e-15
186 1.1756
187 -1.9021
188 1.9021
189 -1.1756
190 -9.4073e-14
191 1.1756
192 -1.9021
193 1.9021
194 -1.1756
195 -6.6631e-14
196 1.1756
197 -1.9021
198 1.9021
199 -1.1756
200 -3.9189e-14
201 1.1756
202 -1.9021
203 1.9021
204 -1.1756
205 -1.2543e-13
206 1.1756
207 -1.9021
208 1.9021
209 -1.1756
210 1.5695e-14
211 1.1756
212 -1.9021
213 1.9021
214 -1.1756
215 -7.055e-14
216 1.1756
217 -1.9021
218 1.9021
219 -1.1756
220 -1.5679e-13
221 1.1756
222 -1.9021
223 1.9021
224 -1.1756
225 -1.5666e-14
226 1.1756
227 -1.9021
228 1.9021
229 -1.1756
230 -1.0191e-13
231 1.1756
232 -1.9021
233 1.9021
234 -1.1756
235 3.9218e-14
236 1.1756
237 -1.9021
238 1.9021
239 -1.1756
240 -4.7026e-14
241 1.1756
242 -1.9021
243 1.9021
244 -1.1756
245 -1.3327e-13
246 1.1756
247 -1.9021
248 1.9021
249 -1.1756
250 7.8575e-15
251 1.1756
252 -1.9021
253 1.9021
254 -1.1756
255 -7.8387e-14
256 1.1756
257 -1.9021
258 1.9021
259 -1.1756
260 6.2742e-14
261 1.1756
262 -1.9021
263 1.9021
264 -1.1756
265 -2.3503e-14
266 1.1756
267 -1.9021
268 1.9021
269 -1.1756
270 -1.0975e-13
271 1.1756
272 -1.9021
273 1.9021
274 -1.1756
275 3.1381e-14
276 1.1756
277 -1.9021
278 1.9021
279 -1.1756
280 -5.4864e-14
281 1.1756
282 -1.9021
283 1.9021
284 -1.1756
285 -1.4111e-13
286 1.1756
287 -1.9021
288 1.9021
289 -1.1756
290 1.9807e-17
291 1.1756
292 -1.9021
293 1.9021
294 -1.1756
295 -8.6225e-14
296 1.1756
297 -1.9021
298 1.9021
299 -1.1756
300 -1.7247e-13
301 1.1756
302 -1.9021
303 1.9021
304 -1.1756
305 -3.1341e-14
306 1.1756
307 -1.9021
308 1.9021
309 -1.1756
310 -1.1759e-13
311 1.1756
312 -1.9021
313 1.9021
314 -1.1756
315 2.3543e-14
316 1.1756
317 -1.9021
318 1.9021
319 -1.1756
320 -6.2702e-14
321 1.1756
322 -1.9021
323 1.9021
324 -1.1756
325 -1.4895e-13
326 1.1756
327 -1.9021
328 1.9021
329 -1.1756
330 -7.8179e-15
331 1.1756
332 -1.9021
333 1.9021
334 -1.1756
335 -9.4063e-14
336 1.1756
337 -1.9021
338 1.9021
339 -1.1756
340 4.7066e-14
341 1.1756
342 -1.9021
343 1.9021
344 -1.1756
345 -3.9179e-14
346 1.1756
347 -1.9021
348 1.9021
349 -1.1756
350 -1.2542e-13
351 1.1756
352 -1.9021
353 1.9021
354 -1.1756
355 1.5705e-14
356 1.1756
357 -1.9021
358 1.9021
359 -1.1756
360 -7.054e-14
361 1.1756
362 -1.9021
363 1.9021
364 -1.1756
365 -1.5678e-13
366 1.1756
367 -1.9021
368 1.9021
369 -1.1756
370 -1.5656e-14
371 1.1756
372 -1.9021
373 1.9021
374 -1.1756
375 -1.019e-13
376 1.1756
377 -1.9021
378 1.9021
379 -1.1756
380 -1.8815e-13
381 1.1756
382 -1.9021
383 1.9021
384 -1.1756
385 -4.7017e-14
386 1.1756
387 -1.9021
388 1.9021
389 -1.1756
390 -1.3326e-13
391 1.1756
392 -1.9021
393 1.9021
394 -1.1756
395 7.8675e-15
396 1.1756
397 -1.9021
398 1.9021
399 -1.1756
400 -7.8377e-14
