1 0.15451
2 0.29389
3 0.40451
4 0.47553
5 0.5
6 0.47553
7 0.40451
8 0.29389
9 0.15451
10 6.1232e-17
11 -0.15451
12 -0.29389
13 -0.40451
14 -0.47553
15 -0.5
16 -0.47553
17 -0.40451
18 -0.29389
19 -0.15451
20 -1.2246e-16
21 0.15451
22 0.29389
23 0.40451
24 0.47553
25 0.5
26 0.47553
27 0.40451
28 0.29389
29 0.15451
30 1.837e-16
31 -0.15451
32 -0.29389
33 -0.40451
34 -0.47553
35 -0.5
36 -0.47553
37 -0.40451
38 -0.29389
39 -0.15451
40 -2.4493e-16
41 0.15451
42 0.29389
43 0.40451
44 0.47553
45 0.5
46 0.47553
47 0.40451
48 0.29389
49 0.15451
50 3.0616e-16
51 -0.15451
52 -0.29389
53 -0.40451
54 -0.47553
55 -0.5
56 -0.47553
57 -0.40451
58 -0.29389
59 -0.15451
60 -3.6739e-16
61 0.15451
62 0.29389
63 0.40451
64 0.47553
65 0.5
66 0.47553
67 0.40451
68 0.29389
69 0.15451
70 4.2863e-16
71 -0.15451
72 -0.29389
73 -0.40451
74 -0.47553
75 -0.5
76 -0.47553
77 -0.40451
78 -0.29389
79 -0.15451
80 -4.8986e-16
81 0.15451
82 0.29389
83 0.40451
84 0.47553
85 0.5
86 0.47553
87 0.40451
88 0.29389
89 0.15451
90 5.5109e-16
91 -0.15451
92 -0.29389
93 -0.40451
94 -0.47553
95 -0.5
96 -0.47553
97 -0.40451
98 -0.29389
99 -0.15451
100 -6.1232e-16
101 0.15451
102 0.29389
103 0.40451
104 0.47553
105 0.5
106 0.47553
107 0.40451
108 0.29389
109 0.15451
110 2.4499e-15
111 -0.15451
112 -0.29389
113 -0.40451
114 -0.47553
115 -0.5
116 -0.47553
117 -0.40451
118 -0.29389
119 -0.15451
120 -7.3479e-16
121 0.15451
122 0.29389
123 0.40451
124 0.47553
125 0.5
126 0.47553
127 0.40451
128 0.29389
129 0.15451
130 -9.8034e-16
131 -0.15451
132 -0.29389
133 -0.40451
134 -0.47553
135 -0.5
136 -0.47553
137 -0.40451
138 -0.29389
139 -0.15451
140 -8.5725e-16
141 0.15451
142 0.29389
143 0.40451
144 0.47553
145 0.5
146 0.47553
147 0.40451
148 0.29389
149 0.15451
150 2.6948e-15
151 -0.15451
152 -0.29389
153 -0.40451
154 -0.47553
155 -0.5
156 -0.47553
157 -0.40451
158 -0.29389
159 -0.15451
160 -9.7972e-16
161 0.15451
162 0.29389
163 0.40451
164 0.47553
165 0.5
166 0.47553
167 0.40451
168 0.29389
169 0.15451
170 -7.3541e-16
171 -0.15451
172 -0.29389
173 -0.40451
174 -0.47553
175 -0.5
176 -0.47553
177 -0.40451
178 -0.29389
179 -0.15451
180 -1.1022e-15
181 0.15451
182 0.29389
183 0.40451
184 0.47553
185 0.5
186 0.47553
187 0.40451
188 0.29389
189 0.15451
190 2.9398e-15
191 -0.15451
192 -0.29389
193 -0.40451
194 -0.47553
195 -0.5
196 -0.47553
197 -0.40451
198 -0.29389
199 -0.15451
200 -1.2246e-15
201 0.15451
202 0.29389
203 0.40451
204 0.47553
205 0.5
206 0.47553
207 0.40451
208 0.29389
209 0.15451
210 -4.9048e-16
211 -0.15451
212 -0.29389
213 -0.40451
214 -0.47553
215 -0.5
216 -0.47553
217 -0.40451
218 -0.29389
219 -0.15451
220 -4.8998e-15
221 0.15451
222 0.29389
223 0.40451
224 0.47553
225 0.5
226 0.47553
227 0.40451
228 0.29389
229 0.15451
230 3.1847e-15
231 -0.15451
232 -0.29389
233 -0.40451
234 -0.47553
235 -0.5
236 -0.47553
237 -0.40451
238 -0.29389
239 -0.15451
240 -1.4696e-15
241 0.15451
242 0.29389
243 0.40451
244 0.47553
245 0.5
246 0.47553
247 0.40451
248 0.29389
249 0.15451
250 -2.4555e-16
251 -0.15451
252 -0.29389
253 -0.40451
254 -0.47553
255 -0.5
256 -0.47553
257 -0.40451
258 -0.29389
259 -0.15451
260 1.9607e-15
261 0.15451
262 0.29389
263 0.40451
264 0.47553
265 0.5
266 0.47553
267 0.40451
268 0.29389
269 0.15451
270 3.4296e-15
271 -0.15451
272 -0.29389
273 -0.40451
274 -0.47553
275 -0.5
276 -0.47553
277 -0.40451
278 -0.29389
279 -0.15451
280 -1.7145e-15
281 0.15451
282 0.29389
283 0.40451
284 0.47553
285 0.5
286 0.47553
287 0.40451
288 0.29389
289 0.15451
290 -6.1898e-19
291 -0.15451
292 -0.29389
293 -0.40451
294 -0.47553
295 -0.5
296 -0.47553
297 -0.40451
298 -0.29389
299 -0.15451
300 -5.3897e-15
301 0.15451
302 0.29389
303 0.40451
304 0.47553
305 0.5
306 0.47553
307 0.40451
308 0.29389
309 0.15451
310 3.6746e-15
311 -0.15451
312 -0.29389
313 -0.40451
314 -0.47553
315 -0.5
316 -0.47553
317 -0.40451
318 -0.29389
319 -0.15451
320 -1.9594e-15
321 0.15451
322 0.29389
323 0.40451
324 0.47553
325 0.5
326 0.47553
327 0.40451
328 0.29389
329 0.15451
330 2.4431e-16
331 -0.15451
332 -0.29389
333 -0.40451
334 -0.47553
335 -0.5
336 -0.47553
337 -0.40451
338 -0.29389
339 -0.15451
340 1.4708e-15
341 0.15451
342 0.29389
343 0.40451
344 0.47553
345 0.5
346 0.47553
347 0.40451
348 0.29389
349 0.15451
350 3.9195e-15
351 -0.15451
352 -0.29389
353 -0.40451
354 -0.47553
355 -0.5
356 -0.47553
357 -0.40451
358 -0.29389
359 -0.15451
360 -2.2044e-15
361 0.15451
362 0.29389
363 0.40451
364 0.47553
365 0.5
366 0.47553
367 0.40451
368 0.29389
369 0.15451
370 4.8924e-16
371 -0.15451
372 -0.29389
373 -0.40451
374 -0.47553
375 -0.5
376 -0.47553
377 -0.40451
378 -0.29389
379 -0.15451
380 -5.8795e-15
381 0.15451
382 0.29389
383 0.40451
384 0.47553
385 0.5
386 0.47553
387 0.40451
388 0.29389
389 0.15451
390 4.1644e-15
391 -0.15451
392 -0.29389
393 -0.40451
394 -0.47553
395 -0.5
396 -0.47553
397 -0.40451
398 -0.29389
399 -0.15451
400 -2.4493e-15
