1 0.58779
2 0.95106
3 0.95106
4 0.58779
5 1.2246e-16
6 -0.58779
7 -0.95106
8 -0.95106
9 -0.58779
10 -2.4493e-16
11 0.58779
12 0.95106
13 0.95106
14 0.58779
15 3.6739e-16
16 -0.58779
17 -0.95106
18 -0.95106
19 -0.58779
20 -4.8986e-16
21 0.58779
22 0.95106
23 0.95106
24 0.58779
25 6.1232e-16
26 -0.58779
27 -0.95106
28 -0.95106
29 -0.58779
30 -7.3479e-16
31 0.58779
32 0.95106
33 0.95106
34 0.58779
35 8.5725e-16
36 -0.58779
37 -0.95106
38 -0.95106
39 -0.58779
40 -9.7972e-16
41 0.58779
42 0.95106
43 0.95106
44 0.58779
45 1.1022e-15
46 -0.58779
47 -0.95106
48 -0.95106
49 -0.58779
50 -1.2246e-15
51 0.58779
52 0.95106
53 0.95106
54 0.58779
55 4.8998e-15
56 -0.58779
57 -0.95106
58 -0.95106
59 -0.58779
60 -1.4696e-15
61 0.58779
62 0.95106
63 0.95106
64 0.58779
65 -1.9607e-15
66 -0.58779
67 -0.95106
68 -0.95106
69 -0.58779
70 -1.7145e-15
71 0.58779
72 0.95106
73 0.95106
74 0.58779
75 5.3897e-15
76 -0.58779
77 -0.95106
78 -0.95106
79 -0.58779
80 -1.9594e-15
81 0.58779
82 0.95106
83 0.95106
84 0.58779
85 -1.4708e-15
86 -0.58779
87 -0.95106
88 -0.95106
89 -0.58779
90 -2.2044e-15
91 0.58779
92 0.95106
93 0.95106
94 0.58779
95 5.8795e-15
96 -0.58779
97 -0.95106
98 -0.95106
99 -0.58779
100 -2.4493e-15
101 0.58779
102 0.95106
103 0.95106
104 0.58779
105 -9.8096e-16
106 -0.58779
107 -0.95106
108 -0.95106
109 -0.58779
110 -9.7997e-15
111 0.58779
112 0.95106
113 0.95106
114 0.58779
115 6.3694e-15
116 -0.58779
117 -0.95106
118 -0.95106
119 -0.58779
120 -2.9392e-15
121 0.58779
122 0.95106
123 0.95106
124 0.58779
125 -4.911e-16
126 -0.58779
127 -0.95106
128 -0.95106
129 -0.58779
130 3.9213e-15
131 0.58779
132 0.95106
133 0.95106
134 0.58779
135 6.8593e-15
136 -0.58779
137 -0.95106
138 -0.95106
139 -0.58779
140 -3.429e-15
141 0.58779
142 0.95106
143 0.95106
144 0.58779
145 -1.238e-18
146 -0.58779
147 -0.95106
148 -0.95106
149 -0.58779
150 -1.0779e-14
151 0.58779
152 0.95106
153 0.95106
154 0.58779
155 7.3491e-15
156 -0.58779
157 -0.95106
158 -0.95106
159 -0.58779
160 -3.9189e-15
161 0.58779
162 0.95106
163 0.95106
164 0.58779
165 4.8862e-16
166 -0.58779
167 -0.95106
168 -0.95106
169 -0.58779
170 2.9416e-15
171 0.58779
172 0.95106
173 0.95106
174 0.58779
175 7.839e-15
176 -0.58779
177 -0.95106
178 -0.95106
179 -0.58779
180 -4.4087e-15
181 0.58779
182 0.95106
183 0.95106
184 0.58779
185 9.7848e-16
186 -0.58779
187 -0.95106
188 -0.95106
189 -0.58779
190 -1.1759e-14
191 0.58779
192 0.95106
193 0.95106
194 0.58779
195 8.3288e-15
196 -0.58779
197 -0.95106
198 -0.95106
199 -0.58779
200 -4.8986e-15
201 0.58779
202 0.95106
203 0.95106
204 0.58779
205 1.5679e-14
206 -0.58779
207 -0.95106
208 -0.95106
209 -0.58779
210 1.9619e-15
211 0.58779
212 0.95106
213 0.95106
214 0.58779
215 8.8187e-15
216 -0.58779
217 -0.95106
218 -0.95106
219 -0.58779
220 -1.9599e-14
221 0.58779
222 0.95106
223 0.95106
224 0.58779
225 1.9582e-15
226 -0.58779
227 -0.95106
228 -0.95106
229 -0.58779
230 -1.2739e-14
231 0.58779
232 0.95106
233 0.95106
234 0.58779
235 -4.9023e-15
236 -0.58779
237 -0.95106
238 -0.95106
239 -0.58779
240 -5.8783e-15
241 0.58779
242 0.95106
243 0.95106
244 0.58779
245 1.6659e-14
246 -0.58779
247 -0.95106
248 -0.95106
249 -0.58779
250 9.8219e-16
251 0.58779
252 0.95106
253 0.95106
254 0.58779
255 9.7984e-15
256 -0.58779
257 -0.95106
258 -0.95106
259 -0.58779
260 7.8427e-15
261 0.58779
262 0.95106
263 0.95106
264 0.58779
265 2.9379e-15
266 -0.58779
267 -0.95106
268 -0.95106
269 -0.58779
270 -1.3719e-14
271 0.58779
272 0.95106
273 0.95106
274 0.58779
275 -3.9226e-15
276 -0.58779
277 -0.95106
278 -0.95106
279 -0.58779
280 -6.858e-15
281 0.58779
282 0.95106
283 0.95106
284 0.58779
285 1.7639e-14
286 -0.58779
287 -0.95106
288 -0.95106
289 -0.58779
290 2.4759e-18
291 0.58779
292 0.95106
293 0.95106
294 0.58779
295 1.0778e-14
296 -0.58779
297 -0.95106
298 -0.95106
299 -0.58779
300 -2.1559e-14
301 0.58779
302 0.95106
303 0.95106
304 0.58779
305 3.9176e-15
306 -0.58779
307 -0.95106
308 -0.95106
309 -0.58779
310 -1.4698e-14
311 0.58779
312 0.95106
313 0.95106
314 0.58779
315 -2.9429e-15
316 -0.58779
317 -0.95106
318 -0.95106
319 -0.58779
320 -7.8377e-15
321 0.58779
322 0.95106
323 0.95106
324 0.58779
325 1.8618e-14
326 -0.58779
327 -0.95106
328 -0.95106
329 -0.58779
330 -9.7724e-16
331 0.58779
332 0.95106
333 0.95106
334 0.58779
335 1.1758e-14
336 -0.58779
337 -0.95106
338 -0.95106
339 -0.58779
340 5.8833e-15
341 0.58779
342 0.95106
343 0.95106
344 0.58779
345 4.8973e-15
346 -0.58779
347 -0.95106
348 -0.95106
349 -0.58779
350 -1.5678e-14
351 0.58779
352 0.95106
353 0.95106
354 0.58779
355 -1.9631e-15
356 -0.58779
357 -0.95106
358 -0.95106
359 -0.58779
360 -8.8175e-15
361 0.58779
362 0.95106
363 0.95106
364 0.58779
365 1.9598e-14
366 -0.58779
367 -0.95106
368 -0.95106
369 -0.58779
370 -1.957e-15
371 0.58779
372 0.95106
373 0.95106
374 0.58779
375 1.2738e-14
376 -0.58779
377 -0.95106
378 -0.95106
379 -0.58779
380 -2.3518e-14
381 0.58779
382 0.95106
383 0.95106
384 0.58779
385 5.8771e-15
386 -0.58779
387 -0.95106
388 -0.95106
389 -0.58779
390 -1.6658e-14
391 0.58779
392 0.95106
393 0.95106
394 0.58779
395 -9.8343e-16
396 -0.58779
397 -0.95106
398 -0.95106
399 -0.58779
400 -9.7972e-15
