1 0.92705
2 1.7634
3 2.4271
4 2.8532
5 3
6 2.8532
7 2.4271
8 1.7634
9 0.92705
10 3.6739e-16
11 -0.92705
12 -1.7634
13 -2.4271
14 -2.8532
15 -3
16 -2.8532
17 -2.4271
18 -1.7634
19 -0.92705
20 -7.3479e-16
21 0.92705
22 1.7634
23 2.4271
24 2.8532
25 3
26 2.8532
27 2.4271
28 1.7634
29 0.92705
30 1.1022e-15
31 -0.92705
32 -1.7634
33 -2.4271
34 -2.8532
35 -3
36 -2.8532
37 -2.4271
38 -1.7634
39 -0.92705
40 -1.4696e-15
41 0.92705
42 1.7634
43 2.4271
44 2.8532
45 3
46 2.8532
47 2.4271
48 1.7634
49 0.92705
50 1.837e-15
51 -0.92705
52 -1.7634
53 -2.4271
54 -2.8532
55 -3
56 -2.8532
57 -2.4271
58 -1.7634
59 -0.92705
60 -2.2044e-15
61 0.92705
62 1.7634
63 2.4271
64 2.8532
65 3
66 2.8532
67 2.4271
68 1.7634
69 0.92705
70 2.5718e-15
71 -0.92705
72 -1.7634
73 -2.4271
74 -2.8532
75 -3
76 -2.8532
77 -2.4271
78 -1.7634
79 -0.92705
80 -2.9392e-15
81 0.92705
82 1.7634
83 2.4271
84 2.8532
85 3
86 2.8532
87 2.4271
88 1.7634
89 0.92705
90 3.3065e-15
91 -0.92705
92 -1.7634
93 -2.4271
94 -2.8532
95 -3
96 -2.8532
97 -2.4271
98 -1.7634
99 -0.92705
100 -3.6739e-15
101 0.92705
102 1.7634
103 2.4271
104 2.8532
105 3
106 2.8532
107 2.4271
108 1.7634
109 0.92705
110 1.4699e-14
111 -0.92705
112 -1.7634
113 -2.4271
114 -2.8532
115 -3
116 -2.8532
117 -2.4271
118 -1.7634
119 -0.92705
120 -4.4087e-15
121 0.92705
122 1.7634
123 2.4271
124 2.8532
125 3
126 2.8532
127 2.4271
128 1.7634
129 0.92705
130 -5.882e-15
131 -0.92705
132 -1.7634
133 -2.4271
134 -2.8532
135 -3
136 -2.8532
137 -2.4271
138 -1.7634
139 -0.92705
140 -5.1435e-15
141 0.92705
142 1.7634
143 2.4271
144 2.8532
145 3
146 2.8532
147 2.4271
148 1.7634
149 0.92705
150 1.6169e-14
151 -0.92705
152 -1.7634
153 -2.4271
154 -2.8532
155 -3
156 -2.8532
157 -2.4271
158 -1.7634
159 -0.92705
160 -5.8783e-15
161 0.92705
162 1.7634
163 2.4271
164 2.8532
165 3
166 2.8532
167 2.4271
168 1.7634
169 0.92705
170 -4.4124e-15
171 -0.92705
172 -1.7634
173 -2.4271
174 -2.8532
175 -3
176 -2.8532
177 -2.4271
178 -1.7634
179 -0.92705
180 -6.6131e-15
181 0.92705
182 1.7634
183 2.4271
184 2.8532
185 3
186 2.8532
187 2.4271
188 1.7634
189 0.92705
190 1.7639e-14
191 -0.92705
192 -1.7634
193 -2.4271
194 -2.8532
195 -3
196 -2.8532
197 -2.4271
198 -1.7634
199 -0.92705
200 -7.3479e-15
201 0.92705
202 1.7634
203 2.4271
204 2.8532
205 3
206 2.8532
207 2.4271
208 1.7634
209 0.92705
210 -2.9429e-15
211 -0.92705
212 -1.7634
213 -2.4271
214 -2.8532
215 -3
216 -2.8532
217 -2.4271
218 -1.7634
219 -0.92705
220 -2.9399e-14
221 0.92705
222 1.7634
223 2.4271
224 2.8532
225 3
226 2.8532
227 2.4271
228 1.7634
229 0.92705
230 1.9108e-14
231 -0.92705
232 -1.7634
233 -2.4271
234 -2.8532
235 -3
236 -2.8532
237 -2.4271
238 -1.7634
239 -0.92705
240 -8.8175e-15
241 0.92705
242 1.7634
243 2.4271
244 2.8532
245 3
246 2.8532
247 2.4271
248 1.7634
249 0.92705
250 -1.4733e-15
251 -0.92705
252 -1.7634
253 -2.4271
254 -2.8532
255 -3
256 -2.8532
257 -2.4271
258 -1.7634
259 -0.92705
260 1.1764e-14
261 0.92705
262 1.7634
263 2.4271
264 2.8532
265 3
266 2.8532
267 2.4271
268 1.7634
269 0.92705
270 2.0578e-14
271 -0.92705
272 -1.7634
273 -2.4271
274 -2.8532
275 -3
276 -2.8532
277 -2.4271
278 -1.7634
279 -0.92705
280 -1.0287e-14
281 0.92705
282 1.7634
283 2.4271
284 2.8532
285 3
286 2.8532
287 2.4271
288 1.7634
289 0.92705
290 -3.7139e-18
291 -0.92705
292 -1.7634
293 -2.4271
294 -2.8532
295 -3
296 -2.8532
297 -2.4271
298 -1.7634
299 -0.92705
300 -3.2338e-14
301 0.92705
302 1.7634
303 2.4271
304 2.8532
305 3
306 2.8532
307 2.4271
308 1.7634
309 0.92705
310 2.2047e-14
311 -0.92705
312 -1.7634
313 -2.4271
314 -2.8532
315 -3
316 -2.8532
317 -2.4271
318 -1.7634
319 -0.92705
320 -1.1757e-14
321 0.92705
322 1.7634
323 2.4271
324 2.8532
325 3
326 2.8532
327 2.4271
328 1.7634
329 0.92705
330 1.4659e-15
331 -0.92705
332 -1.7634
333 -2.4271
334 -2.8532
335 -3
336 -2.8532
337 -2.4271
338 -1.7634
339 -0.92705
340 8.8249e-15
341 0.92705
342 1.7634
343 2.4271
344 2.8532
345 3
346 2.8532
347 2.4271
348 1.7634
349 0.92705
350 2.3517e-14
351 -0.92705
352 -1.7634
353 -2.4271
354 -2.8532
355 -3
356 -2.8532
357 -2.4271
358 -1.7634
359 -0.92705
360 -1.3226e-14
361 0.92705
362 1.7634
363 2.4271
364 2.8532
365 3
366 2.8532
367 2.4271
368 1.7634
369 0.92705
370 2.9354e-15
371 -0.92705
372 -1.7634
373 -2.4271
374 -2.8532
375 -3
376 -2.8532
377 -2.4271
378 -1.7634
379 -0.92705
380 -3.5277e-14
381 0.92705
382 1.7634
383 2.4271
384 2.8532
385 3
386 2.8532
387 2.4271
388 1.7634
389 0.92705
390 2.4987e-14
391 -0.92705
392 -1.7634
393 -2.4271
394 -2.8532
395 -3
396 -2.8532
397 -2.4271
398 -1.7634
399 -0.92705
400 -1.4696e-14
