1 0
2 0
3 0.17924
4 0.43281
5 0.63484
6 0.68501
7 0.54573
8 0.054467
9 -0.64105
10 -1.2379
11 -1.4526
12 -1.1565
13 -0.43263
14 0.4577
15 1.1799
16 1.4582
17 1.4684
18 1.0545
19 0.38703
20 -0.2089
21 -0.43374
22 -0.14935
23 0.56653
24 1.4545
25 2.179
26 2.4621
27 2.1927
28 1.4744
29 0.57926
30 -0.1533
31 -0.44531
32 -0.18622
33 0.52468
34 1.4159
35 2.1473
36 2.4397
37 2.1816
38 1.4719
39 0.58161
40 -0.14904
41 -0.44096
42 -0.18259
43 0.52739
44 1.4178
45 2.1486
46 2.4406
47 2.1823
48 1.4724
49 0.582
50 -0.14873
51 -0.4407
52 -0.18238
53 0.52756
54 1.4179
55 2.1487
56 2.4407
57 2.1824
58 1.4724
59 0.58204
60 -0.1487
61 -0.44067
62 -0.18236
63 0.52758
64 1.418
65 2.1487
66 2.4407
67 2.1824
68 1.4724
69 0.58204
70 -0.14869
71 -0.44067
72 -0.18236
73 0.52758
74 1.418
75 2.1487
76 2.4407
77 2.1824
78 1.4724
79 0.58204
80 -0.14869
81 -0.44067
82 -0.18236
83 0.52758
84 1.418
85 2.1487
86 2.4407
87 2.1824
88 1.4724
89 0.58204
90 -0.14869
91 -0.44067
92 -0.18236
93 0.52758
94 1.418
95 2.1487
96 2.4407
97 2.1824
98 1.4724
99 0.58204
100 -0.14869
101 -0.44067
102 -0.18236
103 0.52758
104 1.418
105 2.1487
106 2.4407
107 2.1824
108 1.4724
109 0.58204
110 -0.14869
111 -0.44067
112 -0.18236
113 0.52757
114 1.418
115 2.1487
116 2.4407
117 2.7503
118 2.6597
119 2.2319
120 1.7738
121 1.6059
122 1.8975
123 2.5972
124 3.464
125 4.1728
126 4.4497
127 4.1832
128 3.47
129 2.579
130 1.849
131 1.5579
132 1.817
133 2.5274
134 3.418
135 4.1488
136 4.4408
137 4.1824
138 3.4725
139 2.5821
140 1.8513
141 1.5593
142 1.8176
143 2.5276
144 3.418
145 4.1487
146 4.4407
147 4.1824
148 3.4724
149 2.582
150 1.8513
151 1.5593
152 1.8176
153 2.5276
154 3.418
155 4.1487
156 4.4407
157 4.1824
158 3.4724
159 2.582
160 1.8513
161 1.5593
162 1.8176
163 2.5276
164 3.418
165 4.1487
166 4.4407
167 4.1824
168 3.4724
169 2.582
170 1.8513
171 1.5593
172 1.8176
173 2.5276
174 3.418
175 4.1487
176 4.4407
177 4.1824
178 3.4724
179 2.582
180 1.8513
181 1.5593
182 1.8176
183 2.5275
184 3.4179
185 4.1486
186 4.4406
187 4.1823
188 3.4724
189 2.5821
190 1.8514
191 1.5594
192 1.8178
193 2.5277
194 3.418
195 4.1488
196 4.4407
197 4.1824
198 3.4725
199 2.5821
200 1.8514
201 1.5594
202 1.8177
203 2.5276
204 3.418
205 4.1487
206 4.4406
207 4.1823
208 3.4724
209 2.582
210 1.8513
211 1.5594
212 1.8177
213 2.5276
214 3.418
215 4.1487
216 4.4406
217 3.7564
218 2.582
219 1.3446
220 0.40942
221 0.024419
222 0.25783
223 0.97542
224 1.8835
225 2.6306
226 2.9338
227 2.6817
228 1.9742
229 1.0843
230 0.35308
231 0.060448
232 0.31821
233 1.0278
234 1.918
235 2.6486
236 2.9406
237 2.6823
238 1.9724
239 1.082
240 0.35131
241 0.059369
242 0.31769
243 1.0276
244 1.918
245 2.6487
246 2.9406
247 2.6823
248 1.9724
249 1.082
250 0.35132
251 0.059367
252 0.31769
253 1.0276
254 1.918
255 2.6487
256 2.9406
257 2.6823
258 1.9724
259 1.082
260 0.35132
261 0.059367
262 0.31769
263 1.0276
264 1.918
265 2.6487
266 2.9406
267 2.6823
268 1.9724
269 1.082
270 0.35132
271 0.059367
272 0.31769
273 1.0276
274 1.918
275 2.6487
276 2.9406
277 2.6823
278 1.9724
279 1.082
280 0.35132
281 0.059367
282 0.31769
283 1.0276
284 1.918
285 2.6487
286 2.9406
287 2.6823
288 1.9724
289 1.082
290 0.35134
291 0.05942
292 0.31777
293 1.0277
294 1.9181
295 2.6488
296 2.9408
297 2.6825
298 1.9725
299 1.0821
300 0.3514
301 0.059414
302 0.31771
303 1.0276
304 1.918
305 2.6487
306 2.9406
307 2.6823
308 1.9724
309 1.082
310 0.35132
311 0.059368
312 0.31769
313 1.0276
314 1.918
315 2.6487
316 2.9406
317 2.2564
318 1.082
319 -0.15539
320 -1.0906
321 -1.4756
322 -1.2422
323 -0.52458
324 0.38348
325 1.1306
326 1.4338
327 1.1817
328 0.47423
329 -0.41573
330 -1.1469
331 -1.4396
332 -1.1818
333 -0.47222
334 0.41796
335 1.1486
336 1.4406
337 1.1823
338 0.47235
339 -0.41799
340 -1.1487
341 -1.4406
342 -1.1823
343 -0.47238
344 0.41798
345 1.1487
346 1.4406
347 1.1823
348 0.47238
349 -0.41798
350 -1.1487
351 -1.4406
352 -1.1823
353 -0.47238
354 0.41798
355 1.1487
356 1.4406
357 1.1823
358 0.47238
359 -0.41798
360 -1.1487
361 -1.4406
362 -1.1823
363 -0.47238
364 0.41798
365 1.1487
366 1.4406
367 1.1823
368 0.47238
369 -0.41798
370 -1.1487
371 -1.4406
372 -1.1823
373 -0.47238
374 0.41798
375 1.1487
376 1.4406
377 1.1823
378 0.47238
379 -0.41798
380 -1.1487
381 -1.4406
382 -1.1823
383 -0.47238
384 0.41798
385 1.1487
386 1.4406
387 1.1823
388 0.47238
389 -0.41798
390 -1.1487
391 -1.4407
392 -1.1824
393 -0.47247
394 0.41787
395 1.1486
396 1.4405
397 1.1822
398 0.47227
399 -0.41807
400 -1.1487
