1 0
2 0
3 0.28269
4 0.76294
5 1.3479
6 1.9439
7 2.4635
8 2.8327
9 2.9969
10 2.845
11 2.309
12 1.3974
13 0.19135
14 -1.1766
15 -2.5481
16 -3.7634
17 -4.3972
18 -4.6005
19 -4.4141
20 -3.8409
21 -2.8961
22 -1.6324
23 -0.14422
24 1.4403
25 2.9748
26 4.3126
27 5.3235
28 5.9086
29 6.0104
30 5.6189
31 4.7728
32 3.5551
33 2.0855
34 0.50822
35 -1.022
36 -2.3552
37 -3.3606
38 -3.9397
39 -4.0356
40 -3.639
41 -2.7885
42 -1.5674
43 -0.095107
44 1.4842
45 3.0161
46 4.3505
47 5.3569
48 5.9367
49 6.0333
50 5.6371
51 4.787
52 3.5662
53 2.0942
54 0.51504
55 -1.0166
56 -2.3509
57 -3.3572
58 -3.937
59 -4.0335
60 -3.6373
61 -2.7871
62 -1.5663
63 -0.094245
64 1.4849
65 3.0166
66 4.3509
67 5.3572
68 5.937
69 6.0335
70 5.6373
71 4.7871
72 3.5663
73 2.0943
74 0.5151
75 -1.0166
76 -2.3509
77 -3.3572
78 -3.9369
79 -4.0335
80 -3.6373
81 -2.7871
82 -1.5663
83 -0.094246
84 1.4849
85 3.0166
86 4.3509
87 5.3572
88 5.937
89 6.0335
90 5.6373
91 4.7871
92 3.5663
93 2.0943
94 0.51509
95 -1.0166
96 -2.3509
97 -3.3572
98 -3.937
99 -4.0335
100 -3.6373
101 -2.7871
102 -1.5663
103 -0.094249
104 1.4849
105 3.0166
106 4.3509
107 5.3572
108 5.937
109 6.0335
110 5.6373
111 4.7871
112 3.5663
113 2.0943
114 0.51509
115 -1.0166
116 -2.3509
117 -2.7892
118 -2.7497
119 -2.3836
120 -1.7147
121 -0.74054
122 0.51352
123 1.9753
124 3.5309
125 5.0407
126 6.36
127 7.358
128 7.9345
129 8.0305
130 7.6349
131 6.7857
132 5.5656
133 4.094
134 2.5151
135 0.98351
136 -0.35079
137 -1.3571
138 -1.9369
139 -2.0334
140 -1.6373
141 -0.78714
142 0.4337
143 1.9057
144 3.4849
145 5.0166
146 6.3509
147 7.3572
148 7.937
149 8.0335
150 7.6373
151 6.7871
152 5.5663
153 4.0943
154 2.5151
155 0.9834
156 -0.35089
157 -1.3572
158 -1.937
159 -2.0335
160 -1.6373
161 -0.78714
162 0.4337
163 1.9057
164 3.4849
165 5.0166
166 6.3509
167 7.3572
168 7.937
169 8.0335
170 7.6373
171 6.7871
172 5.5663
173 4.0943
174 2.5151
175 0.9834
176 -0.3509
177 -1.3572
178 -1.937
179 -2.0335
180 -1.6373
181 -0.78713
182 0.43371
183 1.9057
184 3.4849
185 5.0166
186 6.3508
187 7.3571
188 7.9368
189 8.0333
190 7.6371
191 6.7869
192 5.5661
193 4.0941
194 2.515
195 0.98344
196 -0.35075
197 -1.3569
198 -1.9366
199 -2.0331
200 -1.6368
201 -0.78672
202 0.43408
203 1.9061
204 3.4851
205 5.0167
206 6.3509
207 7.3571
208 7.9367
209 8.0332
210 7.6369
211 6.7868
212 5.5659
213 4.0939
214 2.5149
215 0.98328
216 -0.35089
217 -1.783
218 -2.8272
219 -3.2706
220 -3.0788
221 -2.3217
222 -1.1258
223 0.35386
224 1.9506
225 3.4986
226 4.8441
227 5.8564
228 6.4386
229 6.5354
230 6.1387
231 5.2878
232 4.0665
233 2.5941
234 1.0149
235 -0.5168
236 -1.851
237 -2.8571
238 -3.4368
239 -3.5332
240 -3.1369
241 -2.2868
242 -1.0659
243 0.40606
244 1.9851
245 3.5167
246 4.8509
247 5.8571
248 6.4367
249 6.5332
250 6.1369
251 5.2868
252 4.0659
253 2.5939
254 1.0149
255 -0.51672
256 -1.8509
257 -2.8571
258 -3.4367
259 -3.5332
260 -3.1369
261 -2.2868
262 -1.0659
263 0.40605
264 1.9851
265 3.5167
266 4.8509
267 5.8571
268 6.4367
269 6.5332
270 6.1369
271 5.2868
272 4.0659
273 2.5939
274 1.0149
275 -0.51672
276 -1.8509
277 -2.8571
278 -3.4367
279 -3.5332
280 -3.1369
281 -2.2868
282 -1.0659
283 0.40605
284 1.9851
285 3.5167
286 4.8509
287 5.8571
288 6.4367
289 6.5332
290 6.1369
291 5.2868
292 4.066
293 2.5941
294 1.015
295 -0.51656
296 -1.8507
297 -2.8569
298 -3.4366
299 -3.533
300 -3.1368
301 -2.2867
302 -1.0659
303 0.40605
304 1.9851
305 3.5167
306 4.8509
307 5.8571
308 6.4367
309 6.5332
310 6.1369
311 5.2868
312 4.0659
313 2.5939
314 1.0149
315 -0.51672
316 -1.8509
317 -3.283
318 -4.3272
319 -4.7706
320 -4.5788
321 -3.8217
322 -2.6258
323 -1.1461
324 0.45063
325 1.9986
326 3.3441
327 4.3564
328 4.9386
329 5.0354
330 4.6387
331 3.7878
332 2.5665
333 1.0941
334 -0.48515
335 -2.0168
336 -3.351
337 -4.3571
338 -4.9368
339 -5.0332
340 -4.6369
341 -3.7868
342 -2.5659
343 -1.0939
344 0.48513
345 2.0167
346 3.3509
347 4.3571
348 4.9367
349 5.0332
350 4.6369
351 3.7868
352 2.5659
353 1.0939
354 -0.48513
355 -2.0167
356 -3.3509
357 -4.3571
358 -4.9367
359 -5.0332
360 -4.6369
361 -3.7868
362 -2.5659
363 -1.0939
364 0.48513
365 2.0167
366 3.3509
367 4.3571
368 4.9367
369 5.0332
370 4.6369
371 3.7868
372 2.5659
373 1.0939
374 -0.48513
375 -2.0167
376 -3.3509
377 -4.3571
378 -4.9367
379 -5.0332
380 -4.6369
381 -3.7868
382 -2.5659
383 -1.0939
384 0.48513
385 2.0167
386 3.3509
387 4.3571
388 4.9367
389 5.0332
390 4.6369
391 3.7867
392 2.5659
393 1.0939
394 -0.48523
395 -2.0168
396 -3.351
397 -4.3572
398 -4.9368
399 -5.0333
400 -4.637
