1 0
2 0
3 0.047116
4 0.12716
5 0.22466
6 0.32399
7 0.41059
8 0.41926
9 0.33868
10 0.18651
11 -0.0077458
12 -0.21282
13 -0.40075
14 -0.54912
15 -0.64198
16 -0.67021
17 -0.34757
18 0.063257
19 0.44788
20 0.77422
21 1.0442
22 1.2662
23 1.444
24 1.5751
25 1.6531
26 1.672
27 1.6293
28 1.5285
29 1.3781
30 1.1916
31 0.98655
32 0.78245
33 0.59922
34 0.45481
35 0.36345
36 0.33417
37 0.36991
38 0.46724
39 0.61664
40 0.80353
41 1.0096
42 1.2147
43 1.3988
44 1.5438
45 1.6356
46 1.6651
47 1.6295
48 1.5323
49 1.383
50 1.1962
51 0.99014
52 0.78508
53 0.60106
54 0.45608
55 0.36434
56 0.33483
57 0.37043
58 0.46765
59 0.61698
60 0.80381
61 1.0098
62 1.2149
63 1.3989
64 1.5439
65 1.6357
66 1.6652
67 1.6296
68 1.5324
69 1.383
70 1.1962
71 0.99017
72 0.7851
73 0.60107
74 0.45609
75 0.36435
76 0.33483
77 0.37043
78 0.46765
79 0.61698
80 0.80381
81 1.0098
82 1.2149
83 1.3989
84 1.5439
85 1.6357
86 1.6652
87 1.6296
88 1.5324
89 1.383
90 1.1962
91 0.99016
92 0.7851
93 0.60107
94 0.45609
95 0.36435
96 0.33483
97 0.37043
98 0.46765
99 0.61698
100 0.80381
101 1.0098
102 1.2149
103 1.3989
104 1.5439
105 1.6357
106 1.6652
107 1.6296
108 1.5324
109 1.383
110 1.1962
111 0.99016
112 0.7851
113 0.60107
114 0.45609
115 0.36435
116 0.33483
117 0.93837
118 1.6549
119 2.2669
120 2.7263
121 3.0564
122 3.2947
123 3.4685
124 3.5899
125 3.6598
126 3.6742
127 3.6304
128 3.5299
129 3.38
130 3.1938
131 2.9887
132 2.7844
133 2.6009
134 2.4561
135 2.3645
136 2.3349
137 2.3705
138 2.4677
139 2.617
140 2.8038
141 3.0098
142 3.2149
143 3.3989
144 3.5439
145 3.6356
146 3.6652
147 3.6296
148 3.5324
149 3.383
150 3.1962
151 2.9902
152 2.7851
153 2.6011
154 2.4561
155 2.3643
156 2.3348
157 2.3704
158 2.4676
159 2.617
160 2.8038
161 3.0098
162 3.2149
163 3.3989
164 3.5439
165 3.6357
166 3.6652
167 3.6296
168 3.5324
169 3.383
170 3.1962
171 2.9902
172 2.7851
173 2.6011
174 2.4561
175 2.3643
176 2.3348
177 2.3704
178 2.4677
179 2.617
180 2.8038
181 3.0098
182 3.2149
183 3.3989
184 3.5439
185 3.6356
186 3.6651
187 3.6295
188 3.5323
189 3.383
190 3.1962
191 2.9902
192 2.7851
193 2.6012
194 2.4562
195 2.3645
196 2.335
197 2.3706
198 2.4678
199 2.6171
200 2.8039
201 3.0099
202 3.2149
203 3.3989
204 3.5439
205 3.6356
206 3.6651
207 3.6295
208 3.5323
209 3.3829
210 3.1961
211 2.9901
212 2.7851
213 2.6011
214 2.4561
215 2.3644
216 2.3349
217 1.9446
218 1.5773
219 1.3796
220 1.362
221 1.4749
222 1.655
223 1.8467
224 2.0094
225 2.1175
226 2.1583
227 2.1288
228 2.0341
229 1.8852
230 1.6979
231 1.4912
232 1.2856
233 1.1013
234 0.95612
235 0.86434
236 0.83484
237 0.87046
238 0.9677
239 1.117
240 1.3039
241 1.5099
242 1.7149
243 1.8989
244 2.0439
245 2.1356
246 2.1651
247 2.1295
248 2.0323
249 1.8829
250 1.6961
251 1.4901
252 1.2851
253 1.1011
254 0.95614
255 0.86442
256 0.83492
257 0.87052
258 0.96773
259 1.1171
260 1.3039
261 1.5099
262 1.7149
263 1.8989
264 2.0439
265 2.1356
266 2.1651
267 2.1295
268 2.0323
269 1.8829
270 1.6961
271 1.4901
272 1.2851
273 1.1011
274 0.95614
275 0.86442
276 0.83492
277 0.87052
278 0.96773
279 1.1171
280 1.3039
281 1.5099
282 1.7149
283 1.8989
284 2.0439
285 2.1356
286 2.1651
287 2.1295
288 2.0323
289 1.883
290 1.6962
291 1.4902
292 1.2852
293 1.1012
294 0.95628
295 0.86458
296 0.83508
297 0.87068
298 0.96788
299 1.1172
300 1.3039
301 1.5099
302 1.7149
303 1.8989
304 2.0439
305 2.1356
306 2.1651
307 2.1295
308 2.0323
309 1.8829
310 1.6961
311 1.4901
312 1.2851
313 1.1011
314 0.95614
315 0.86442
316 0.83492
317 0.44456
318 0.077311
319 -0.12037
320 -0.13804
321 -0.025088
322 0.15504
323 0.34671
324 0.50936
325 0.6175
326 0.65828
327 0.62884
328 0.53411
329 0.3852
330 0.19791
331 -0.0087792
332 -0.21438
333 -0.39874
334 -0.54388
335 -0.63566
336 -0.66516
337 -0.62954
338 -0.5323
339 -0.38296
340 -0.19615
341 0.0098621
342 0.2149
343 0.3989
344 0.54386
345 0.63558
346 0.66508
347 0.62948
348 0.53227
349 0.38295
350 0.19614
351 -0.0098603
352 -0.2149
353 -0.3989
354 -0.54386
355 -0.63558
356 -0.66508
357 -0.62948
358 -0.53227
359 -0.38295
360 -0.19614
361 0.0098602
362 0.2149
363 0.3989
364 0.54386
365 0.63558
366 0.66508
367 0.62948
368 0.53227
369 0.38295
370 0.19614
371 -0.0098602
372 -0.2149
373 -0.3989
374 -0.54386
375 -0.63558
376 -0.66508
377 -0.62948
378 -0.53227
379 -0.38295
380 -0.19614
381 0.0098601
382 0.2149
383 0.3989
384 0.54386
385 0.63558
386 0.66508
387 0.62949
388 0.53227
389 0.38294
390 0.19612
391 -0.0098997
392 -0.21496
393 -0.39899
394 -0.54396
395 -0.63569
396 -0.6652
397 -0.6296
398 -0.53238
399 -0.38304
400 -0.19621
