1 0
2 0
3 0.28269
4 0.76294
5 1.3479
6 1.9439
7 2.4635
8 2.5156
9 2.0321
10 1.1191
11 -0.046475
12 -1.2769
13 -2.4045
14 -3.2947
15 -3.8519
16 -4.0212
17 -3.5053
18 -2.5885
19 -1.4375
20 -0.16098
21 1.1486
22 2.3974
23 3.4901
24 4.3355
25 4.8584
26 5.0096
27 4.7735
28 4.1769
29 3.276
30 2.1557
31 0.92287
32 -0.30354
33 -1.4041
34 -2.2712
35 -2.8196
36 -2.9953
37 -2.7807
38 -2.1967
39 -1.3002
40 -0.17883
41 1.0577
42 2.2883
43 3.3927
44 4.2628
45 4.8134
46 4.9906
47 4.7771
48 4.1938
49 3.2979
50 2.177
51 0.94087
52 -0.2895
53 -1.3937
54 -2.2635
55 -2.8139
56 -2.991
57 -2.7774
58 -2.1941
59 -1.2981
60 -0.17716
61 1.059
62 2.2894
63 3.3936
64 4.2635
65 4.8139
66 4.991
67 4.7774
68 4.1941
69 3.2981
70 2.1772
71 0.94099
72 -0.28941
73 -1.3936
74 -2.2635
75 -2.8139
76 -2.991
77 -2.7774
78 -2.1941
79 -1.2981
80 -0.17716
81 1.059
82 2.2894
83 3.3936
84 4.2635
85 4.8139
86 4.991
87 4.7774
88 4.1941
89 3.2981
90 2.1772
91 0.94099
92 -0.28941
93 -1.3936
94 -2.2635
95 -2.8139
96 -2.991
97 -2.7774
98 -2.1941
99 -1.2981
100 -0.17716
101 1.059
102 2.2894
103 3.3936
104 4.2635
105 4.8139
106 4.991
107 4.7774
108 4.1941
109 3.2981
110 2.1772
111 0.94099
112 -0.28941
113 -1.3936
114 -2.2635
115 -2.8139
116 -2.991
117 -2.2095
118 -1.0069
119 0.35178
120 1.7454
121 3.1056
122 4.3692
123 5.4632
124 6.3095
125 6.838
126 7.0001
127 6.7783
128 6.1916
129 5.2951
130 4.1748
131 2.9395
132 1.7099
133 0.60619
134 -0.26345
135 -0.8138
136 -0.9909
137 -0.77736
138 -0.19406
139 0.70191
140 1.8228
141 3.059
142 4.2894
143 5.3936
144 6.2635
145 6.8139
146 6.991
147 6.7774
148 6.1941
149 5.2981
150 4.1772
151 2.941
152 1.7106
153 0.6064
154 -0.26348
155 -0.81391
156 -0.991
157 -0.77743
158 -0.1941
159 0.70189
160 1.8228
161 3.059
162 4.2894
163 5.3936
164 6.2635
165 6.8139
166 6.991
167 6.7774
168 6.1941
169 5.2981
170 4.1772
171 2.941
172 1.7106
173 0.6064
174 -0.26348
175 -0.81391
176 -0.991
177 -0.77743
178 -0.1941
179 0.7019
180 1.8228
181 3.059
182 4.2894
183 5.3935
184 6.2633
185 6.8137
186 6.9908
187 6.7772
188 6.1938
189 5.2979
190 4.177
191 2.9409
192 1.7107
193 0.60666
194 -0.26306
195 -0.81337
196 -0.9904
197 -0.7768
198 -0.19351
199 0.70238
200 1.8232
201 3.0592
202 4.2894
203 5.3934
204 6.2631
205 6.8135
206 6.9905
207 6.7769
208 6.1936
209 5.2977
210 4.1769
211 2.9408
212 1.7106
213 0.60659
214 -0.26314
215 -0.81346
216 -0.99049
217 -1.2028
218 -1.084
219 -0.5351
220 0.38124
221 1.5242
222 2.7295
223 3.8412
224 4.7286
225 5.2954
226 5.4837
227 5.2763
228 4.6954
229 3.7999
230 2.6786
231 1.4419
232 0.21112
233 -0.89325
234 -1.7632
235 -2.3135
236 -2.4906
237 -2.277
238 -1.6936
239 -0.7977
240 0.32313
241 1.5592
242 2.7894
243 3.8934
244 4.7631
245 5.3135
246 5.4905
247 5.2769
248 4.6936
249 3.7977
250 2.6769
251 1.4408
252 0.21061
253 -0.89341
254 -1.7631
255 -2.3135
256 -2.4905
257 -2.2769
258 -1.6936
259 -0.79769
260 0.32314
261 1.5592
262 2.7894
263 3.8934
264 4.7631
265 5.3135
266 5.4905
267 5.2769
268 4.6936
269 3.7977
270 2.6769
271 1.4408
272 0.21061
273 -0.89341
274 -1.7631
275 -2.3135
276 -2.4905
277 -2.2769
278 -1.6936
279 -0.79769
280 0.32314
281 1.5592
282 2.7894
283 3.8934
284 4.7631
285 5.3135
286 5.4905
287 5.2769
288 4.6936
289 3.7977
290 2.6769
291 1.4409
292 0.21069
293 -0.8933
294 -1.763
295 -2.3133
296 -2.4903
297 -2.2767
298 -1.6934
299 -0.79757
300 0.32322
301 1.5592
302 2.7894
303 3.8934
304 4.7631
305 5.3135
306 5.4905
307 5.2769
308 4.6936
309 3.7977
310 2.6769
311 1.4408
312 0.21061
313 -0.89341
314 -1.7631
315 -2.3135
316 -2.4905
317 -2.7029
318 -2.584
319 -2.0351
320 -1.1188
321 0.024213
322 1.2295
323 2.3412
324 3.2286
325 3.7954
326 3.9837
327 3.7763
328 3.1954
329 2.2999
330 1.1786
331 -0.05808
332 -1.2889
333 -2.3933
334 -3.2632
335 -3.8135
336 -3.9906
337 -3.777
338 -3.1936
339 -2.2977
340 -1.1769
341 0.059163
342 1.2894
343 2.3934
344 3.2631
345 3.8135
346 3.9905
347 3.7769
348 3.1936
349 2.2977
350 1.1769
351 -0.059161
352 -1.2894
353 -2.3934
354 -3.2631
355 -3.8135
356 -3.9905
357 -3.7769
358 -3.1936
359 -2.2977
360 -1.1769
361 0.059161
362 1.2894
363 2.3934
364 3.2631
365 3.8135
366 3.9905
367 3.7769
368 3.1936
369 2.2977
370 1.1769
371 -0.059161
372 -1.2894
373 -2.3934
374 -3.2631
375 -3.8135
376 -3.9905
377 -3.7769
378 -3.1936
379 -2.2977
380 -1.1769
381 0.059161
382 1.2894
383 2.3934
384 3.2631
385 3.8135
386 3.9905
387 3.7769
388 3.1936
389 2.2977
390 1.1768
391 -0.059201
392 -1.2895
393 -2.3935
394 -3.2632
395 -3.8136
396 -3.9906
397 -3.777
398 -3.1937
399 -2.2978
400 -1.1769
