1 0
2 0
3 0.17924
4 0.43281
5 0.63484
6 0.68501
7 0.54573
8 0.25553
9 -0.086447
10 -0.4098
11 -0.64359
12 -0.72638
13 -0.63169
14 -0.3865
15 -0.06897
16 0.21583
17 0.65721
18 0.94785
19 0.99925
20 0.86939
21 0.68496
22 0.57214
23 0.60649
24 0.78989
25 1.0568
26 1.305
27 1.4378
28 1.4027
29 1.2121
30 0.93845
31 0.68638
32 0.55244
33 0.58816
34 0.7802
35 1.0555
36 1.309
37 1.4441
38 1.4093
39 1.2178
40 0.94301
41 0.68979
42 0.55493
43 0.58997
44 0.78154
45 1.0565
46 1.3098
47 1.4448
48 1.4098
49 1.2183
50 0.94335
51 0.69006
52 0.55515
53 0.59014
54 0.78168
55 1.0566
56 1.3099
57 1.4448
58 1.4098
59 1.2183
60 0.94339
61 0.69009
62 0.55517
63 0.59016
64 0.78169
65 1.0566
66 1.3099
67 1.4448
68 1.4098
69 1.2183
70 0.94339
71 0.69009
72 0.55517
73 0.59016
74 0.78169
75 1.0566
76 1.3099
77 1.4448
78 1.4098
79 1.2183
80 0.94339
81 0.69009
82 0.55517
83 0.59016
84 0.78169
85 1.0566
86 1.3099
87 1.4448
88 1.4098
89 1.2183
90 0.94339
91 0.69009
92 0.55517
93 0.59016
94 0.78169
95 1.0566
96 1.3099
97 1.4448
98 1.4098
99 1.2183
100 0.94339
101 0.69009
102 0.55517
103 0.59016
104 0.78169
105 1.0566
106 1.3099
107 1.4448
108 1.4098
109 1.2183
110 0.94339
111 0.69009
112 0.55517
113 0.59016
114 0.78169
115 1.0566
116 1.3099
117 2.0128
118 2.5971
119 2.8682
120 2.8659
121 2.7367
122 2.635
123 2.6597
124 2.8277
125 3.0807
126 3.319
127 3.4457
128 3.4074
129 3.2153
130 2.941
131 2.6886
132 2.5545
133 2.5899
134 2.7817
135 3.0567
136 3.31
137 3.4449
138 3.4099
139 3.2183
140 2.9434
141 2.6901
142 2.5552
143 2.5902
144 2.7817
145 3.0566
146 3.3099
147 3.4448
148 3.4098
149 3.2183
150 2.9434
151 2.6901
152 2.5552
153 2.5902
154 2.7817
155 3.0566
156 3.3099
157 3.4448
158 3.4098
159 3.2183
160 2.9434
161 2.6901
162 2.5552
163 2.5902
164 2.7817
165 3.0566
166 3.3099
167 3.4448
168 3.4098
169 3.2183
170 2.9434
171 2.6901
172 2.5552
173 2.5902
174 2.7817
175 3.0566
176 3.3099
177 3.4448
178 3.4098
179 3.2183
180 2.9434
181 2.6901
182 2.5552
183 2.5902
184 2.7817
185 3.0566
186 3.3099
187 3.4448
188 3.4098
189 3.2183
190 2.9434
191 2.6901
192 2.5552
193 2.5902
194 2.7818
195 3.0567
196 3.31
197 3.4449
198 3.4099
199 3.2184
200 2.9434
201 2.6901
202 2.5552
203 2.5902
204 2.7817
205 3.0566
206 3.3099
207 3.4448
208 3.4098
209 3.2183
210 2.9434
211 2.6901
212 2.5552
213 2.5902
214 2.7817
215 3.0566
216 3.3099
217 3.0189
218 2.5194
219 1.9809
220 1.5015
221 1.1551
222 0.9953
223 1.038
224 1.2472
225 1.5386
226 1.8031
227 1.9442
228 1.9117
229 1.7205
230 1.4451
231 1.1912
232 1.0557
233 1.0903
234 1.2817
235 1.5566
236 1.8098
237 1.9448
238 1.9098
239 1.7183
240 1.4434
241 1.1901
242 1.0552
243 1.0902
244 1.2817
245 1.5566
246 1.8099
247 1.9448
248 1.9098
249 1.7183
250 1.4434
251 1.1901
252 1.0552
253 1.0902
254 1.2817
255 1.5566
256 1.8099
257 1.9448
258 1.9098
259 1.7183
260 1.4434
261 1.1901
262 1.0552
263 1.0902
264 1.2817
265 1.5566
266 1.8099
267 1.9448
268 1.9098
269 1.7183
270 1.4434
271 1.1901
272 1.0552
273 1.0902
274 1.2817
275 1.5566
276 1.8099
277 1.9448
278 1.9098
279 1.7183
280 1.4434
281 1.1901
282 1.0552
283 1.0902
284 1.2817
285 1.5566
286 1.8099
287 1.9448
288 1.9098
289 1.7183
290 1.4434
291 1.1901
292 1.0552
293 1.0903
294 1.2818
295 1.5568
296 1.8101
297 1.945
298 1.91
299 1.7184
300 1.4434
301 1.1901
302 1.0552
303 1.0902
304 1.2817
305 1.5566
306 1.8099
307 1.9448
308 1.9098
309 1.7183
310 1.4434
311 1.1901
312 1.0552
313 1.0902
314 1.2817
315 1.5566
316 1.8099
317 1.5189
318 1.0194
319 0.48088
320 0.0014725
321 -0.34488
322 -0.5047
323 -0.46203
324 -0.25279
325 0.038555
326 0.30313
327 0.4442
328 0.41168
329 0.22054
330 -0.054869
331 -0.30885
332 -0.44432
333 -0.40968
334 -0.21831
335 0.056552
336 0.30985
337 0.44478
338 0.40981
339 0.21828
340 -0.056637
341 -0.30993
342 -0.44484
343 -0.40984
344 -0.21829
345 0.056634
346 0.30993
347 0.44484
348 0.40984
349 0.21829
350 -0.056633
351 -0.30993
352 -0.44484
353 -0.40984
354 -0.21829
355 0.056633
356 0.30993
357 0.44484
358 0.40984
359 0.21829
360 -0.056633
361 -0.30993
362 -0.44484
363 -0.40984
364 -0.21829
365 0.056633
366 0.30993
367 0.44484
368 0.40984
369 0.21829
370 -0.056633
371 -0.30993
372 -0.44484
373 -0.40984
374 -0.21829
375 0.056633
376 0.30993
377 0.44484
378 0.40984
379 0.21829
380 -0.056633
381 -0.30993
382 -0.44484
383 -0.40984
384 -0.21829
385 0.056635
386 0.30993
387 0.44484
388 0.40984
389 0.21829
390 -0.056653
391 -0.30997
392 -0.4449
393 -0.40993
394 -0.2184
395 0.056519
396 0.30981
397 0.44472
398 0.40973
399 0.2182
400 -0.056695
