1 0
2 0
3 0.35848
4 -0.29443
5 0.34546
6 -0.083256
7 -0.066332
8 -0.096503
9 -0.14441
10 0.037775
11 -0.098016
12 0.03273
13 0.017014
14 -0.057741
15 0.089756
16 -0.073837
17 0.3235
18 0.60879
19 0.76235
20 1.046
21 0.94555
22 1.0772
23 1.0502
24 0.96066
25 1.0986
26 0.92846
27 1.0387
28 1.021
29 0.93129
30 1.0891
31 0.92117
32 1.0346
33 1.0194
34 0.93132
35 1.0898
36 0.92208
37 1.0354
38 1.02
39 0.93173
40 1.0901
41 0.92224
42 1.0355
43 1.0201
44 0.93179
45 1.0901
46 0.92229
47 1.0355
48 1.0201
49 0.93182
50 1.0901
51 0.92231
52 1.0356
53 1.0202
54 0.93183
55 1.0901
56 0.92231
57 1.0356
58 1.0202
59 0.93183
60 1.0901
61 0.92231
62 1.0356
63 1.0202
64 0.93183
65 1.0901
66 0.92231
67 1.0356
68 1.0202
69 0.93183
70 1.0901
71 0.92231
72 1.0356
73 1.0202
74 0.93183
75 1.0901
76 0.92231
77 1.0356
78 1.0202
79 0.93183
80 1.0901
81 0.92231
82 1.0356
83 1.0202
84 0.93183
85 1.0901
86 0.92231
87 1.0356
88 1.0202
89 0.93183
90 1.0901
91 0.92231
92 1.0356
93 1.0202
94 0.93183
95 1.0901
96 0.92231
97 1.0356
98 1.0202
99 0.93183
100 1.0901
101 0.92231
102 1.0356
103 1.0202
104 0.93183
105 1.0901
106 0.92231
107 1.0356
108 1.0202
109 0.93183
110 1.0901
111 0.92231
112 1.0356
113 1.0202
114 0.93183
115 1.0901
116 0.92231
117 1.6035
118 2.2074
119 2.5817
120 3.0127
121 2.9689
122 3.1154
123 3.0897
124 2.9778
125 3.1143
126 2.9314
127 3.0364
128 3.0177
129 2.9288
130 3.0878
131 2.9209
132 3.0349
133 3.0199
134 2.9319
135 3.0903
136 2.9224
137 3.0356
138 3.0202
139 2.9318
140 3.0902
141 2.9223
142 3.0356
143 3.0202
144 2.9318
145 3.0901
146 2.9223
147 3.0356
148 3.0202
149 2.9318
150 3.0901
151 2.9223
152 3.0356
153 3.0202
154 2.9318
155 3.0901
156 2.9223
157 3.0356
158 3.0202
159 2.9318
160 3.0901
161 2.9223
162 3.0356
163 3.0202
164 2.9318
165 3.0901
166 2.9223
167 3.0356
168 3.0202
169 2.9318
170 3.0901
171 2.9223
172 3.0356
173 3.0202
174 2.9318
175 3.0901
176 2.9223
177 3.0356
178 3.0202
179 2.9318
180 3.0901
181 2.9223
182 3.0355
183 3.0202
184 2.9318
185 3.0901
186 2.9223
187 3.0356
188 3.0202
189 2.9318
190 3.0902
191 2.9223
192 3.0356
193 3.0202
194 2.9319
195 3.0902
196 2.9224
197 3.0356
198 3.0202
199 2.9319
200 3.0902
201 2.9223
202 3.0356
203 3.0202
204 2.9318
205 3.0901
206 2.9223
207 3.0356
208 3.0202
209 2.9318
210 3.0901
211 2.9223
212 3.0356
213 3.0202
214 2.9318
215 3.0901
216 2.9223
217 2.6096
218 2.1297
219 1.6944
220 1.6482
221 1.3874
222 1.4757
223 1.468
224 1.3973
225 1.5721
226 1.4155
227 1.5349
228 1.522
229 1.4341
230 1.5919
231 1.4234
232 1.5361
233 1.5203
234 1.4318
235 1.5901
236 1.4222
237 1.5355
238 1.5201
239 1.4318
240 1.5901
241 1.4223
242 1.5356
243 1.5202
244 1.4318
245 1.5901
246 1.4223
247 1.5356
248 1.5202
249 1.4318
250 1.5901
251 1.4223
252 1.5356
253 1.5202
254 1.4318
255 1.5901
256 1.4223
257 1.5356
258 1.5202
259 1.4318
260 1.5901
261 1.4223
262 1.5356
263 1.5202
264 1.4318
265 1.5901
266 1.4223
267 1.5356
268 1.5202
269 1.4318
270 1.5901
271 1.4223
272 1.5356
273 1.5202
274 1.4318
275 1.5901
276 1.4223
277 1.5356
278 1.5202
279 1.4318
280 1.5901
281 1.4223
282 1.5356
283 1.5202
284 1.4318
285 1.5901
286 1.4223
287 1.5356
288 1.5202
289 1.4318
290 1.5902
291 1.4224
292 1.5356
293 1.5203
294 1.432
295 1.5903
296 1.4225
297 1.5357
298 1.5203
299 1.432
300 1.5902
301 1.4224
302 1.5356
303 1.5202
304 1.4318
305 1.5901
306 1.4223
307 1.5356
308 1.5202
309 1.4318
310 1.5901
311 1.4223
312 1.5356
313 1.5202
314 1.4318
315 1.5901
316 1.4223
317 1.1096
318 0.62973
319 0.19441
320 0.14825
321 -0.11264
322 -0.024306
323 -0.032036
324 -0.10267
325 0.072066
326 -0.084484
327 0.034914
328 0.021999
329 -0.065918
330 0.091908
331 -0.076606
332 0.036075
333 0.020316
334 -0.068188
335 0.090063
336 -0.077768
337 0.035499
338 0.020122
339 -0.068183
340 0.090141
341 -0.077685
342 0.03556
343 0.020158
344 -0.068167
345 0.090145
346 -0.077687
347 0.035557
348 0.020155
349 -0.068169
350 0.090144
351 -0.077687
352 0.035557
353 0.020155
354 -0.068169
355 0.090144
356 -0.077687
357 0.035557
358 0.020155
359 -0.068169
360 0.090144
361 -0.077687
362 0.035557
363 0.020155
364 -0.068169
365 0.090144
366 -0.077687
367 0.035557
368 0.020155
369 -0.068169
370 0.090144
371 -0.077687
372 0.035557
373 0.020155
374 -0.068169
375 0.090144
376 -0.077687
377 0.035557
378 0.020155
379 -0.068169
380 0.090144
381 -0.077687
382 0.035557
383 0.020156
384 -0.068168
385 0.090146
386 -0.077684
387 0.035559
388 0.020156
389 -0.068175
390 0.090125
391 -0.077727
392 0.035494
393 0.02007
394 -0.068272
395 0.09003
396 -0.077808
397 0.035435
398 0.020043
399 -0.068259
400 0.090082
