1 0
2 0
3 0.047116
4 0.12716
5 0.22466
6 0.32399
7 0.41059
8 0.47212
9 0.49948
10 0.47416
11 0.38483
12 0.2329
13 0.031892
14 -0.1961
15 -0.42469
16 -0.62724
17 -0.49623
18 -0.27207
19 -0.04823
20 0.1609
21 0.37006
22 0.59452
23 0.83829
24 1.0925
25 1.3392
26 1.5559
27 1.7209
28 1.8171
29 1.8338
30 1.7688
31 1.6282
32 1.4256
33 1.1808
34 0.91805
35 0.66304
36 0.44085
37 0.27327
38 0.17674
39 0.16074
40 0.22684
41 0.36858
42 0.5721
43 0.81748
44 1.0807
45 1.336
46 1.5584
47 1.7261
48 1.8228
49 1.8389
50 1.7729
51 1.6312
52 1.4277
53 1.1824
54 0.91917
55 0.66389
56 0.44151
57 0.2738
58 0.17717
59 0.16109
60 0.22712
61 0.36881
62 0.57228
63 0.81763
64 1.0808
65 1.3361
66 1.5585
67 1.7262
68 1.8228
69 1.8389
70 1.7729
71 1.6312
72 1.4277
73 1.1824
74 0.91918
75 0.6639
76 0.44152
77 0.2738
78 0.17718
79 0.16109
80 0.22712
81 0.36881
82 0.57228
83 0.81763
84 1.0808
85 1.3361
86 1.5585
87 1.7262
88 1.8228
89 1.8389
90 1.7729
91 1.6312
92 1.4277
93 1.1824
94 0.91918
95 0.6639
96 0.44152
97 0.2738
98 0.17717
99 0.16109
100 0.22712
101 0.36881
102 0.57228
103 0.81763
104 1.0808
105 1.3361
106 1.5585
107 1.7262
108 1.8228
109 1.8389
110 1.7729
111 1.6312
112 1.4277
113 1.1824
114 0.91918
115 0.6639
116 0.44152
117 0.84174
118 1.3644
119 1.811
120 2.1496
121 2.4154
122 2.6521
123 2.8872
124 3.1268
125 3.3602
126 3.5675
127 3.7271
128 3.8204
129 3.8359
130 3.7705
131 3.6297
132 3.427
133 3.1822
134 2.9192
135 2.664
136 2.4416
137 2.2739
138 2.1772
139 2.1611
140 2.2271
141 2.3688
142 2.5723
143 2.8176
144 3.0808
145 3.3361
146 3.5585
147 3.7262
148 3.8228
149 3.8389
150 3.7729
151 3.6312
152 3.4277
153 3.1824
154 2.9192
155 2.6639
156 2.4415
157 2.2738
158 2.1772
159 2.1611
160 2.2271
161 2.3688
162 2.5723
163 2.8176
164 3.0808
165 3.3361
166 3.5585
167 3.7262
168 3.8228
169 3.8389
170 3.7729
171 3.6312
172 3.4277
173 3.1824
174 2.9192
175 2.6639
176 2.4415
177 2.2738
178 2.1772
179 2.1611
180 2.2271
181 2.3688
182 2.5723
183 2.8176
184 3.0808
185 3.3361
186 3.5585
187 3.7262
188 3.8228
189 3.8389
190 3.7729
191 3.6312
192 3.4277
193 3.1824
194 2.9192
195 2.664
196 2.4416
197 2.2739
198 2.1773
199 2.1612
200 2.2272
201 2.3689
202 2.5724
203 2.8177
204 3.0809
205 3.3361
206 3.5585
207 3.7262
208 3.8228
209 3.8389
210 3.7728
211 3.6311
212 3.4277
213 3.1823
214 2.9191
215 2.6639
216 2.4415
217 1.8479
218 1.2868
219 0.92372
220 0.78529
221 0.83392
222 1.0125
223 1.2655
224 1.5464
225 1.818
226 2.0517
227 2.2255
228 2.3246
229 2.3411
230 2.2746
231 2.1322
232 1.9282
233 1.6825
234 1.4191
235 1.1638
236 0.94144
237 0.77376
238 0.67718
239 0.66113
240 0.72718
241 0.86888
242 1.0723
243 1.3177
244 1.5809
245 1.8361
246 2.0585
247 2.2262
248 2.3228
249 2.3389
250 2.2728
251 2.1311
252 1.9277
253 1.6823
254 1.4191
255 1.1639
256 0.94152
257 0.77382
258 0.67721
259 0.66114
260 0.72718
261 0.86887
262 1.0723
263 1.3177
264 1.5809
265 1.8361
266 2.0585
267 2.2262
268 2.3228
269 2.3389
270 2.2728
271 2.1311
272 1.9277
273 1.6823
274 1.4191
275 1.1639
276 0.94152
277 0.77382
278 0.67721
279 0.66114
280 0.72718
281 0.86887
282 1.0723
283 1.3177
284 1.5809
285 1.8361
286 2.0585
287 2.2262
288 2.3228
289 2.3389
290 2.2728
291 2.1312
292 1.9277
293 1.6824
294 1.4193
295 1.164
296 0.94168
297 0.77399
298 0.67736
299 0.66126
300 0.72727
301 0.86892
302 1.0724
303 1.3177
304 1.5808
305 1.8361
306 2.0585
307 2.2262
308 2.3228
309 2.3389
310 2.2728
311 2.1311
312 1.9277
313 1.6823
314 1.4191
315 1.1639
316 0.94152
317 0.34787
318 -0.21321
319 -0.57628
320 -0.71471
321 -0.66608
322 -0.48752
323 -0.23452
324 0.046356
325 0.31804
326 0.55169
327 0.72553
328 0.82463
329 0.84111
330 0.77458
331 0.63221
332 0.42817
333 0.18248
334 -0.080874
335 -0.3362
336 -0.55856
337 -0.72624
338 -0.82282
339 -0.83887
340 -0.77282
341 -0.63112
342 -0.42765
343 -0.18232
344 0.080857
345 0.33612
346 0.55848
347 0.72618
348 0.82279
349 0.83886
350 0.77282
351 0.63113
352 0.42766
353 0.18232
354 -0.080855
355 -0.33612
356 -0.55848
357 -0.72618
358 -0.82279
359 -0.83886
360 -0.77282
361 -0.63113
362 -0.42766
363 -0.18232
364 0.080855
365 0.33612
366 0.55848
367 0.72618
368 0.82279
369 0.83886
370 0.77282
371 0.63113
372 0.42766
373 0.18232
374 -0.080855
375 -0.33612
376 -0.55848
377 -0.72618
378 -0.82279
379 -0.83886
380 -0.77282
381 -0.63113
382 -0.42766
383 -0.18232
384 0.080856
385 0.33612
386 0.55849
387 0.72618
388 0.82279
389 0.83885
390 0.7728
391 0.63109
392 0.42759
393 0.18224
394 -0.080958
395 -0.33623
396 -0.5586
397 -0.7263
398 -0.8229
399 -0.83895
400 -0.77288
