1 0
2 0
3 0.35848
4 -0.29443
5 0.34546
6 -0.083256
7 -0.066332
8 0.30563
9 -0.33654
10 0.21011
11 -0.13737
12 -0.17748
13 0.22458
14 -0.36745
15 0.21937
16 -0.10564
17 0.14564
18 0.85539
19 0.48848
20 1.2046
21 0.93536
22 0.9145
23 1.3061
24 0.6937
25 1.2609
26 0.92101
27 0.87858
28 1.2729
29 0.67154
30 1.2496
31 0.91727
32 0.87901
33 1.275
34 0.67382
35 1.2514
36 0.91853
37 0.87978
38 1.2755
39 0.67406
40 1.2515
41 0.91863
42 0.87986
43 1.2755
44 0.67413
45 1.2516
46 0.91868
47 0.87991
48 1.2756
49 0.67415
50 1.2516
51 0.91869
52 0.87992
53 1.2756
54 0.67416
55 1.2516
56 0.9187
57 0.87992
58 1.2756
59 0.67416
60 1.2516
61 0.9187
62 0.87992
63 1.2756
64 0.67416
65 1.2516
66 0.9187
67 0.87992
68 1.2756
69 0.67416
70 1.2516
71 0.9187
72 0.87992
73 1.2756
74 0.67416
75 1.2516
76 0.9187
77 0.87992
78 1.2756
79 0.67416
80 1.2516
81 0.9187
82 0.87992
83 1.2756
84 0.67416
85 1.2516
86 0.9187
87 0.87992
88 1.2756
89 0.67416
90 1.2516
91 0.9187
92 0.87992
93 1.2756
94 0.67416
95 1.2516
96 0.9187
97 0.87992
98 1.2756
99 0.67416
100 1.2516
101 0.9187
102 0.87992
103 1.2756
104 0.67416
105 1.2516
106 0.9187
107 0.87992
108 1.2756
109 0.67416
110 1.2516
111 0.9187
112 0.87992
113 1.2756
114 0.67416
115 1.2516
116 0.9187
117 1.4479
118 2.4628
119 2.3241
120 3.1741
121 2.9653
122 2.9597
123 3.3452
124 2.7202
125 3.2757
126 2.9278
127 2.8808
128 3.2731
129 2.6712
130 3.2493
131 2.9173
132 2.8792
133 3.2754
134 2.6742
135 3.2517
136 2.9188
137 2.88
138 3.2756
139 2.6742
140 3.2516
141 2.9187
142 2.8799
143 3.2756
144 2.6742
145 3.2516
146 2.9187
147 2.8799
148 3.2756
149 2.6742
150 3.2516
151 2.9187
152 2.8799
153 3.2756
154 2.6742
155 3.2516
156 2.9187
157 2.8799
158 3.2756
159 2.6742
160 3.2516
161 2.9187
162 2.8799
163 3.2756
164 2.6742
165 3.2516
166 2.9187
167 2.8799
168 3.2756
169 2.6742
170 3.2516
171 2.9187
172 2.8799
173 3.2756
174 2.6742
175 3.2516
176 2.9187
177 2.8799
178 3.2756
179 2.6742
180 3.2516
181 2.9187
182 2.8799
183 3.2756
184 2.6742
185 3.2516
186 2.9187
187 2.8799
188 3.2756
189 2.6742
190 3.2516
191 2.9187
192 2.88
193 3.2756
194 2.6742
195 3.2517
196 2.9188
197 2.88
198 3.2757
199 2.6742
200 3.2517
201 2.9187
202 2.8799
203 3.2756
204 2.6742
205 3.2516
206 2.9187
207 2.8799
208 3.2756
209 2.6742
210 3.2516
211 2.9187
212 2.8799
213 3.2756
214 2.6742
215 3.2516
216 2.9187
217 2.454
218 2.3852
219 1.4367
220 1.8097
221 1.3838
222 1.3201
223 1.7234
224 1.1397
225 1.7335
226 1.4119
227 1.3793
228 1.7774
229 1.1764
230 1.7534
231 1.4198
232 1.3804
233 1.7757
234 1.1741
235 1.7515
236 1.4186
237 1.3799
238 1.7756
239 1.1742
240 1.7516
241 1.4187
242 1.3799
243 1.7756
244 1.1742
245 1.7516
246 1.4187
247 1.3799
248 1.7756
249 1.1742
250 1.7516
251 1.4187
252 1.3799
253 1.7756
254 1.1742
255 1.7516
256 1.4187
257 1.3799
258 1.7756
259 1.1742
260 1.7516
261 1.4187
262 1.3799
263 1.7756
264 1.1742
265 1.7516
266 1.4187
267 1.3799
268 1.7756
269 1.1742
270 1.7516
271 1.4187
272 1.3799
273 1.7756
274 1.1742
275 1.7516
276 1.4187
277 1.3799
278 1.7756
279 1.1742
280 1.7516
281 1.4187
282 1.3799
283 1.7756
284 1.1742
285 1.7516
286 1.4187
287 1.3799
288 1.7756
289 1.1742
290 1.7516
291 1.4188
292 1.38
293 1.7757
294 1.1743
295 1.7518
296 1.4189
297 1.3801
298 1.7757
299 1.1743
300 1.7517
301 1.4187
302 1.3799
303 1.7756
304 1.1742
305 1.7516
306 1.4187
307 1.3799
308 1.7756
309 1.1742
310 1.7516
311 1.4187
312 1.3799
313 1.7756
314 1.1742
315 1.7516
316 1.4187
317 0.95397
318 0.88517
319 -0.063252
320 0.30973
321 -0.11625
322 -0.17994
323 0.2234
324 -0.36033
325 0.23355
326 -0.088097
327 -0.12072
328 0.27743
329 -0.32358
330 0.25339
331 -0.08022
332 -0.11956
333 0.27575
334 -0.32585
335 0.25154
336 -0.081382
337 -0.12013
338 0.27556
339 -0.32585
340 0.25162
341 -0.081299
342 -0.12007
343 0.27559
344 -0.32583
345 0.25162
346 -0.0813
347 -0.12008
348 0.27559
349 -0.32584
350 0.25162
351 -0.081301
352 -0.12008
353 0.27559
354 -0.32584
355 0.25162
356 -0.081301
357 -0.12008
358 0.27559
359 -0.32584
360 0.25162
361 -0.081301
362 -0.12008
363 0.27559
364 -0.32584
365 0.25162
366 -0.081301
367 -0.12008
368 0.27559
369 -0.32584
370 0.25162
371 -0.081301
372 -0.12008
373 0.27559
374 -0.32584
375 0.25162
376 -0.081301
377 -0.12008
378 0.27559
379 -0.32584
380 0.25162
381 -0.081301
382 -0.12008
383 0.27559
384 -0.32583
385 0.25163
386 -0.081298
387 -0.12007
388 0.27559
389 -0.32584
390 0.2516
391 -0.08134
392 -0.12014
393 0.2755
394 -0.32594
395 0.25151
396 -0.081421
397 -0.1202
398 0.27548
399 -0.32593
400 0.25156
