0.1	13.41885
0.2	13.42336
0.3	13.42788
0.4	13.43239
0.5	13.4369
0.6	13.44141
0.7	13.44592
0.8	13.45044
0.9	13.45495
1	13.45946
1.1	13.46397
1.2	13.46848
1.3	13.47298
1.4	13.47749
1.5	13.482
1.6	13.48651
1.7	13.49102
1.8	13.49552
1.9	13.50003
2	13.50454
2.1	13.50904
2.2	13.51355
2.3	13.51806
2.4	13.52256
2.5	13.52707
2.6	13.53157
2.7	13.53608
2.8	13.54058
2.9	13.54509
3	13.54959
3.1	13.55409
3.2	13.55859
3.3	13.5631
3.4	13.5676
3.5	13.5721
3.6	13.5766
3.7	13.5811
3.8	13.58561
3.9	13.59011
4	13.59461
4.1	13.59911
4.2	13.60361
4.3	13.60811
4.4	13.61261
4.5	13.6171
4.6	13.6216
4.7	13.6261
4.8	13.6306
4.9	13.63509
5	13.63959
5.1	13.64409
5.2	13.64859
5.3	13.65308
5.4	13.65758
5.5	13.66207
5.6	13.66657
5.7	13.67106
5.8	13.67556
5.9	13.68005
6	13.68455
6.1	13.68904
6.2	13.69803
6.3	13.70252
6.4	13.70701
6.5	13.7115
6.6	13.71599
6.7	13.72049
6.8	13.72498
6.9	13.72947
7	13.73396
7.1	13.73845
7.2	13.74294
7.3	13.74743
7.4	13.75192
7.5	13.75641
7.6	13.76089
7.7	13.76538
7.8	13.76987
7.9	13.77436
8	13.77885
8.1	13.78333
8.2	13.78782
8.3	13.79231
8.4	13.79679
8.5	13.75559
8.6	13.71443
8.7	13.6733
8.8	13.63221
8.9	13.59115
9	13.55012
9.1	13.50913
9.2	13.46818
9.3	13.42726
9.4	13.38638
9.5	13.34553
9.6	13.30471
9.7	13.26393
9.8	13.22318
9.9	13.18247
10	13.14179
10.1	13.10115
10.2	13.06054
10.3	13.01996
10.4	12.97942
10.5	12.93891
10.6	12.89844
10.7	12.858
10.8	12.81759
10.9	12.77722
11	12.73688
11.1	12.69657
11.2	12.65629
11.3	12.61605
11.4	12.57585
11.5	12.53567
11.6	12.49553
11.7	12.45544
11.8	12.41543
11.9	12.37554
12	12.33581
12.1	12.29628
12.2	12.25698
12.3	12.21795
12.4	12.17921
12.5	12.1408
12.6	12.10274
12.7	12.06506
12.8	12.02778
12.9	11.99093
13	11.95452
13.1	11.91858
13.2	11.88314
13.3	11.84819
13.4	11.81377
13.5	11.77988
13.6	11.74654
13.7	11.71376
13.8	11.68155
13.9	11.64993
14	11.61891
14.1	11.58848
14.2	11.55866
14.3	11.52946
14.4	11.50087
14.5	11.47292
14.6	11.44559
14.7	11.41889
14.8	11.39283
14.9	11.3674
15	11.34261
15.1	11.31845
15.2	11.29493
15.3	11.27205
15.4	11.24979
15.5	11.22817
15.6	11.20717
15.7	11.1868
15.8	11.16704
15.9	11.1479
16	11.12937
16.1	11.11145
16.2	11.09413
16.3	11.0774
16.4	11.06125
16.5	11.04569
16.6	11.03069
16.7	11.01627
16.8	11.0024
16.9	10.98908
17	10.97631
17.1	10.96406
17.2	10.95235
17.3	10.94114
17.4	10.93045
17.5	10.92025
17.6	10.91055
17.7	10.90132
17.8	10.89256
17.9	10.88426
18	10.87642
18.1	10.86901
18.2	10.86204
18.3	10.85548
18.4	10.84934
18.5	10.8436
18.6	10.83825
18.7	10.83329
18.8	10.82869
18.9	10.82446
19	10.82058
19.1	10.81704
19.2	10.81383
19.3	10.81095
19.4	10.80838
19.5	10.80611
19.6	10.80414
19.7	10.80245
19.8	10.80103
19.9	10.79988
20	10.79899
20.1	10.79834
20.2	10.79793
20.3	10.79775
20.4	10.79775
20.5	10.79775
20.6	10.79775
20.7	10.79775
20.8	10.79775
20.9	10.79775
21	10.79775
21.1	10.79775
21.2	10.79775
21.3	10.79775
21.4	10.79775
21.5	10.79775
21.6	10.79775
21.7	10.79775
21.8	10.79775
21.9	10.79775
22	10.79775
22.1	10.79775
22.2	10.79775
22.3	10.79775
22.4	10.79775
22.5	10.79775
22.6	10.79775
22.7	10.79775
22.8	10.79775
22.9	10.79775
23	10.79775
23.1	10.79775
23.2	10.79775
23.3	10.79775
23.4	10.79775
23.5	10.79775
23.6	10.79775
23.7	10.79775
23.8	10.79775
23.9	10.79775
24	10.79775
24.1	10.79775
24.2	10.79775
24.3	10.79775
24.4	10.79775
24.5	10.79775
24.6	10.79775
24.7	10.79775
24.8	10.79775
24.9	10.79775
25	10.79775
25.1	10.79775
25.2	10.79775
25.3	10.79775
25.4	10.79775
25.5	10.79775
25.6	10.79775
25.7	10.79775
25.8	10.79775
25.9	10.79775
26	10.79775
26.1	10.79775
26.2	10.79775
26.3	10.79775
26.4	10.79775
26.5	10.79775
26.6	10.79775
26.7	10.79775
26.8	10.79775
26.9	10.79775
27	10.79775
27.1	10.79775
27.2	10.79775
27.3	10.79775
27.4	10.79775
27.5	10.79775
27.6	10.79775
27.7	10.79775
27.8	10.79775
27.9	10.79775
28	10.79775
28.1	10.79775
28.2	10.79775
28.3	10.79775
28.4	10.79775
28.5	10.79775
28.6	10.79775
28.7	10.79775
28.8	10.79775
28.9	10.79775
29	10.79775
29.1	10.79775
29.2	10.79775
29.3	10.79775
29.4	10.79775
29.5	10.79775
29.6	10.79775
29.7	10.79775
29.8	10.79775
29.9	10.79775
30	10.79775
30.1	10.79775
30.2	10.79775
30.3	10.79775
30.4	10.79775
30.5	10.79775
30.6	10.79775
30.7	10.79775
30.8	10.79775
30.9	10.79775
31	10.79775
31.1	10.79775
31.2	10.79775
31.3	10.79775
31.4	10.79775
31.5	10.79775
31.6	10.79775
31.7	10.79775
31.8	10.79775
31.9	10.79775
32	10.79775
32.1	10.79775
32.2	10.79775
32.3	10.79775
32.4	10.79775
32.5	10.79775
32.6	10.79775
32.7	10.79775
32.8	10.79775
32.9	10.79775
33	10.79775
33.1	10.79775
33.2	10.79775
33.3	10.79775
33.4	10.79775
33.5	10.79775
33.6	10.79775
33.7	10.79775
33.8	10.79775
33.9	10.79775
34	10.79775
34.1	10.79775
34.2	10.79775
34.3	10.79775
34.4	10.79775
34.5	10.79775
34.6	10.79775
34.7	10.79775
34.8	10.79775
34.9	10.79775
35	10.79775
35.1	10.79775
35.2	10.79775
35.3	10.79775
35.4	10.79775
35.5	10.79775
35.6	10.79775
35.7	10.79775
35.8	10.79775
35.9	10.79775
36	10.79775
36.1	10.79775
36.2	10.79775
36.3	10.79775
36.4	10.79775
36.5	10.79775
36.6	10.79775
36.7	10.79775
36.8	10.79775
36.9	10.79775
37	10.79775
37.1	10.79775
37.2	10.79775
37.3	10.79775
37.4	10.79775
37.5	10.79775
37.6	10.79775
37.7	10.79775
37.8	10.79775
37.9	10.79775
38	10.79775
38.1	10.79775
38.2	10.79775
38.3	10.79775
38.4	10.79775
38.5	10.79775
38.6	10.79775
38.7	10.79775
38.8	10.79775
38.9	10.79775
39	10.79775
39.1	10.79775
39.2	10.79775
39.3	10.79775
39.4	10.79775
39.5	10.79775
39.6	10.79775
39.7	10.79775
39.8	10.79775
39.9	10.79775
40	10.79775
40.1	10.79775
40.2	10.79775
40.3	10.79775
40.4	10.79775
40.5	10.79775
40.6	10.79775
40.7	10.79775
40.8	10.79775
40.9	10.79775
41	10.79775
41.1	10.79775
41.2	10.79775
41.3	10.79775
41.4	10.79775
41.5	10.79775
41.6	10.79775
41.7	10.79775
41.8	10.79775
41.9	10.79775
42	10.79775
42.1	10.79775
42.2	10.79775
42.3	10.79775
42.4	10.79775
42.5	10.79775
42.6	10.79775
42.7	10.79775
42.8	10.79775
42.9	10.79775
43	10.79775
43.1	10.79775
43.2	10.79775
43.3	10.79775
43.4	10.79775
43.5	10.79775
43.6	10.79775
43.7	10.79775
43.8	10.79775
43.9	10.79775
44	10.79775
44.1	10.79775
44.2	10.79775
44.3	10.79775
44.4	10.79775
44.5	10.79775
44.6	10.79775
44.7	10.79775
44.8	10.79775
44.9	10.79775
45	10.79775
45.1	10.79775
45.2	10.79775
45.3	10.79775
45.4	10.79775
45.5	10.79775
45.6	10.79775
45.7	10.79775
45.8	10.79775
45.9	10.79775
46	10.79775
46.1	10.79775
46.2	10.79779
46.3	10.7979
46.4	10.7981
46.5	10.79842
46.6	10.79888
46.7	10.79949
46.8	10.80025
46.9	10.80117
47	10.80224
47.1	10.80346
47.2	10.80483
47.3	10.80634
47.4	10.80798
47.5	10.80974
47.6	10.81163
47.7	10.81364
47.8	10.81576
47.9	10.81798
48	10.82031
48.1	10.82273
48.2	10.82525
48.3	10.82786
48.4	10.83055
48.5	10.83332
48.6	10.83618
48.7	10.83911
48.8	10.84211
48.9	10.84519
49	10.84833
49.1	10.85154
49.2	10.8548
49.3	10.85813
49.4	10.86152
49.5	10.86496
49.6	10.86845
49.7	10.87199
49.8	10.87558
49.9	10.87922
50	10.88288
50.1	10.88657
50.2	10.89028
50.3	10.894
50.4	10.89773
50.5	10.90146
50.6	10.90518
50.7	10.90889
50.8	10.91259
50.9	10.91627
51	10.91992
51.1	10.92355
51.2	10.92714
51.3	10.9307
51.4	10.93421
51.5	10.93769
51.6	10.94111
51.7	10.94449
51.8	10.94782
51.9	10.95109
52	10.9543
52.1	10.95746
52.2	10.96056
52.3	10.96359
52.4	10.96657
52.5	10.96947
52.6	10.97231
52.7	10.97509
52.8	10.97779
52.9	10.98043
53	10.983
53.1	10.98549
53.2	10.98792
53.3	10.99028
53.4	10.99256
53.5	10.99477
53.6	10.99692
53.7	10.99899
53.8	11.00099
53.9	11.00292
54	11.00478
54.1	11.00657
54.2	11.00829
54.3	11.00994
54.4	11.01152
54.5	11.01304
54.6	11.01449
54.7	11.01587
54.8	11.01719
54.9	11.01845
55	11.01964
55.1	11.02077
55.2	11.02184
55.3	11.02285
55.4	11.0238
55.5	11.02469
55.6	11.02552
55.7	11.0263
55.8	11.02703
55.9	11.02832
56	11.02889
56.1	11.02942
56.2	11.02989
56.3	11.03031
56.4	11.03069
56.5	11.03103
56.6	11.03132
56.7	11.03157
56.8	11.03178
56.9	11.03195
57	11.03209
57.1	11.03218
57.2	11.03224
57.3	11.03227
57.4	11.03226
57.5	11.03223
57.6	11.03216
57.7	11.03206
57.8	11.03194
57.9	11.03178
58	11.0316
58.1	11.0314
58.2	11.07525
58.3	11.11897
58.4	11.16257
58.5	11.20605
58.6	11.24941
58.7	11.29264
58.8	11.33575
58.9	11.37874
59	11.4216
59.1	11.46435
59.2	11.50697
59.3	11.54948
59.4	11.59186
59.5	11.63413
59.6	11.67628
59.7	11.7183
59.8	11.76021
59.9	11.80201
60	11.84368
60.1	11.88524
60.2	11.92667
60.3	11.968
60.4	12.0092
60.5	12.05029
60.6	12.09127
60.7	12.13212
60.8	12.17286
60.9	12.21349
61	12.254
61.1	12.2944
61.2	12.33468
61.3	12.37485
61.4	12.4149
61.5	12.45484
61.6	12.49467
61.7	12.53438
61.8	12.57395
61.9	12.61333
62	12.6525
62.1	12.69142
62.2	12.73005
62.3	12.76837
62.4	12.80635
62.5	12.84396
62.6	12.88117
62.7	12.91795
62.8	12.95429
62.9	12.99017
63	13.02555
63.1	13.06043
63.2	13.09479
63.3	13.12858
63.4	13.16154
63.5	13.19336
63.6	13.22378
63.7	13.25259
63.8	13.27966
63.9	13.30494
64	13.32843
64.1	13.35019
64.2	13.3703
64.3	13.38887
64.4	13.406
64.5	13.4218
64.6	13.43639
64.7	13.44987
64.8	13.46233
64.9	13.47387
65	13.48454
65.1	13.49444
65.2	13.50362
65.3	13.51215
65.4	13.52007
65.5	13.52744
65.6	13.53432
65.7	13.54073
65.8	13.54673
65.9	13.55235
66	13.55764
66.1	13.56262
66.2	13.56732
66.3	13.57178
66.4	13.57603
66.5	13.58008
66.6	13.58397
66.7	13.58772
66.8	13.59135
66.9	13.59487
67	13.59831
67.1	13.60168
67.2	13.60499
67.3	13.60826
67.4	13.6115
67.5	13.61473
67.6	13.61795
67.7	13.62117
67.8	13.62441
67.9	13.62766
68	13.63093
68.1	13.63424
68.2	13.63758
68.3	13.64096
68.4	13.64439
68.5	13.64786
68.6	13.65139
68.7	13.65496
68.8	13.65859
68.9	13.66228
69	13.66598
69.1	13.66954
69.2	13.67295
69.3	13.67623
69.4	13.67938
69.5	13.6824
69.6	13.6853
69.7	13.68809
69.8	13.69076
69.9	13.69333
70	13.6958
70.1	13.69817
70.2	13.70045
70.3	13.70264
70.4	13.70473
70.5	13.70675
70.6	13.70869
70.7	13.71055
70.8	13.71233
70.9	13.71405
71	13.7157
71.1	13.71728
71.2	13.7188
71.3	13.72026
71.4	13.72166
71.5	13.72301
71.6	13.7243
71.7	13.72555
71.8	13.72674
71.9	13.72789
72	13.72899
72.1	13.73005
72.2	13.73106
72.3	13.73204
72.4	13.73298
72.5	13.73388
72.6	13.73474
72.7	13.73557
72.8	13.73714
72.9	13.73788
73	13.73858
73.1	13.73926
73.2	13.73992
73.3	13.74055
73.4	13.74115
73.5	13.74173
73.6	13.74228
73.7	13.74282
73.8	13.74333
73.9	13.74382
74	13.7443
74.1	13.74475
74.2	13.74519
74.3	13.74561
74.4	13.74601
74.5	13.7464
74.6	13.74677
74.7	13.74713
74.8	13.74747
74.9	13.7478
75	13.74812
75.1	13.74843
75.2	13.74872
75.3	13.749
75.4	13.74927
75.5	13.74953
75.6	13.74978
75.7	13.75002
75.8	13.75025
75.9	13.75047
76	13.75068
76.1	13.75089
76.2	13.75108
76.3	13.75127
76.4	13.75145
76.5	13.75163
76.6	13.75179
76.7	13.75196
76.8	13.75211
76.9	13.75226
77	13.7524
77.1	13.75254
77.2	13.75267
77.3	13.75279
77.4	13.75291
77.5	13.75303
77.6	13.75314
77.7	13.75325
77.8	13.75335
77.9	13.75345
78	13.75355
78.1	13.75364
78.2	13.75373
78.3	13.75381
78.4	13.75389
78.5	13.75397
78.6	13.75405
78.7	13.75412
78.8	13.75419
78.9	13.75426
79	13.75432
79.1	13.75438
79.2	13.75444
79.3	13.7545
79.4	13.75455
79.5	13.7546
79.6	13.75465
79.7	13.7547
79.8	13.75475
79.9	13.75479
80	13.75484
80.1	13.75488
80.2	13.75492
80.3	13.75496
80.4	13.75499
80.5	13.75503
80.6	13.75506
80.7	13.75509
80.8	13.75512
80.9	13.75515
81	13.75518
81.1	13.75521
81.2	13.75524
81.3	13.75526
81.4	13.75529
81.5	13.75531
81.6	13.75533
81.7	13.75535
81.8	13.75538
81.9	13.7554
82	13.75541
82.1	13.75543
82.2	13.75545
82.3	13.75547
82.4	13.75548
82.5	13.7555
82.6	13.75552
82.7	13.75553
82.8	13.75554
82.9	13.75556
83	13.75557
83.1	13.75558
83.2	13.7556
83.3	13.75561
83.4	13.75562
83.5	13.75563
83.6	13.75564
83.7	13.75565
83.8	13.75566
83.9	13.75567
84	13.75568
84.1	13.75568
84.2	13.75569
84.3	13.7557
84.4	13.75571
84.5	13.75571
84.6	13.75572
84.7	13.75573
84.8	13.75573
84.9	13.75574
85	13.75574
85.1	13.75575
85.2	13.75576
85.3	13.75576
85.4	13.75577
85.5	13.75577
85.6	13.75578
85.7	13.75578
85.8	13.75578
85.9	13.75579
86	13.75579
86.1	13.7558
86.2	13.7558
86.3	13.7558
86.4	13.75581
86.5	13.75581
86.6	13.75581
86.7	13.75581
86.8	13.75582
86.9	13.75582
87	13.75582
87.1	13.75583
87.2	13.75583
87.3	13.75583
87.4	13.75583
87.5	13.75583
87.6	13.75584
87.7	13.75584
87.8	13.75584
87.9	13.75584
88	13.75584
88.1	13.75585
88.2	13.75585
88.3	13.75585
88.4	13.75585
88.5	13.75585
88.6	13.75585
88.7	13.75585
88.8	13.75586
88.9	13.75586
89	13.75586
89.1	13.75586
89.2	13.75586
89.3	13.75586
89.4	13.75586
89.5	13.75586
89.6	13.75586
89.7	13.75587
89.8	13.75587
89.9	13.75587
90	13.75587
90.1	13.75587
90.2	13.75587
90.3	13.75587
90.4	13.75587
90.5	13.75587
90.6	13.75587
90.7	13.75587
90.8	13.75588
90.9	13.75588
91	13.75588
91.1	13.75588
91.2	13.75588
91.3	13.75588
91.4	13.75588
91.5	13.75588
91.6	13.75588
91.7	13.75588
91.8	13.75588
91.9	13.75588
92	13.75588
92.1	13.75588
92.2	13.75588
92.3	13.75588
92.4	13.75588
92.5	13.75588
92.6	13.75588
92.7	13.75588
92.8	13.75588
92.9	13.75588
93	13.75588
93.1	13.75588
93.2	13.75588
93.3	13.75588
93.4	13.75588
93.5	13.75588
93.6	13.75588
93.7	13.75588
93.8	13.75588
93.9	13.75588
94	13.75588
94.1	13.75588
94.2	13.75588
94.3	13.75588
94.4	13.75588
94.5	13.75588
94.6	13.75588
94.7	13.75588
94.8	13.75588
94.9	13.75588
95	13.75588
95.1	13.75588
95.2	13.75588
95.3	13.75588
95.4	13.75588
95.5	13.75588
95.6	13.75588
95.7	13.75588
95.8	13.75588
95.9	13.75588
96	13.75588
96.1	13.75588
96.2	13.75588
96.3	13.75588
96.4	13.75588
96.5	13.75588
96.6	13.75588
96.7	13.75588
96.8	13.75588
96.9	13.75588
97	13.75588
97.1	13.75588
97.2	13.75588
97.3	13.75588
97.4	13.75588
97.5	13.75588
97.6	13.75588
97.7	13.75588
97.8	13.75588
97.9	13.75588
98	13.75588
98.1	13.75588
98.2	13.75588
98.3	13.75588
98.4	13.75588
98.5	13.75588
98.6	13.75588
98.7	13.75588
98.8	13.75588
98.9	13.75588
99	13.75588
99.1	13.75588
99.2	13.75588
99.3	13.75588
99.4	13.75588
99.5	13.75588
99.6	13.75588
99.7	13.75588
99.8	13.75588
99.9	13.75588
100	13.75588
100.1	13.7559
100.2	13.75597
100.3	13.75612
100.4	13.75642
100.5	13.75691
100.6	13.75761
100.7	13.75854
100.8	13.7597
100.9	13.76106
101	13.76258
101.1	13.76424
101.2	13.766
101.3	13.76785
101.4	13.76978
101.5	13.77179
101.6	13.7739
101.7	13.77611
101.8	13.77842
101.9	13.78085
102	13.78339
102.1	13.78602
102.2	13.78873
102.3	13.79152
102.4	13.79438
102.5	13.79729
102.6	13.80026
102.7	13.8033
102.8	13.80639
102.9	13.80954
103	13.81275
103.1	13.81603
103.2	13.81936
103.3	13.82275
103.4	13.82618
103.5	13.82966
103.6	13.83318
103.7	13.83674
103.8	13.84033
103.9	13.84396
104	13.84763
104.1	13.85133
104.2	13.85507
104.3	13.85885
104.4	13.86265
104.5	13.86648
104.6	13.87034
104.7	13.8742
104.8	13.87808
104.9	13.88195
105	13.88581
105.1	13.88967
105.2	13.89351
105.3	13.89734
105.4	13.90114
105.5	13.90491
105.6	13.91236
105.7	13.91603
105.8	13.91965
105.9	13.92323
106	13.92676
106.1	13.93024
106.2	13.93367
106.3	13.93703
106.4	13.94035
106.5	13.9436
106.6	13.94679
106.7	13.94991
106.8	13.95298
106.9	13.95597
107	13.95891
107.1	13.96177
107.2	13.96456
107.3	13.96729
107.4	13.96994
107.5	13.97253
107.6	13.97504
107.7	13.97748
107.8	13.97986
107.9	13.9385
108	13.89718
108.1	13.85589
108.2	13.81464
108.3	13.77343
108.4	13.73225
108.5	13.6911
108.6	13.64999
108.7	13.60892
108.8	13.56788
108.9	13.52688
109	13.48592
109.1	13.44505
109.2	13.40432
109.3	13.36375
109.4	13.32339
109.5	13.28327
109.6	13.24343
109.7	13.20389
109.8	13.1647
109.9	13.12587
110	13.08744
110.1	13.04943
110.2	13.01186
110.3	12.97476
110.4	12.93814
110.5	12.90203
110.6	12.86644
110.7	12.83139
110.8	12.79689
110.9	12.76297
111	12.72962
111.1	12.69687
111.2	12.66472
111.3	12.63318
111.4	12.60227
111.5	12.57198
111.6	12.54232
111.7	12.51331
111.8	12.48493
111.9	12.45721
112	12.43013
112.1	12.40371
112.2	12.37794
112.3	12.35282
112.4	12.32836
112.5	12.30454
112.6	12.28138
112.7	12.25887
112.8	12.237
112.9	12.21577
113	12.19518
113.1	12.17522
113.2	12.15589
113.3	12.13719
113.4	12.1191
113.5	12.10162
113.6	12.08475
113.7	12.06847
113.8	12.05279
113.9	12.03769
114	12.02316
114.1	12.00921
114.2	11.99581
114.3	11.98296
114.4	11.97065
114.5	11.95888
114.6	11.94788
114.7	11.93787
114.8	11.92908
114.9	11.92167
115	11.91577
115.1	11.91141
115.2	11.9086
115.3	11.9073
115.4	11.90745
115.5	11.90895
115.6	11.91171
115.7	11.91564
115.8	11.92064
115.9	11.9266
116	11.93344
116.1	11.94108
116.2	11.94942
116.3	11.95839
116.4	11.96792
116.5	11.97794
116.6	11.98838
116.7	11.99919
116.8	12.0103
116.9	12.02167
117	12.03323
117.1	12.04494
117.2	12.05676
117.3	12.06864
117.4	12.08054
117.5	12.09243
117.6	12.10426
117.7	12.116
117.8	12.12763
117.9	12.1391
118	12.15041
118.1	12.16151
118.2	12.1724
118.3	12.18304
118.4	12.19341
118.5	12.20351
118.6	12.21331
118.7	12.2228
118.8	12.23197
118.9	12.2408
119	12.24929
119.1	12.25743
119.2	12.26521
119.3	12.27262
119.4	12.27966
119.5	12.28632
119.6	12.29261
119.7	12.29852
119.8	12.30403
119.9	12.30906
120	12.31344
120.1	12.31694
120.2	12.3193
120.3	12.32027
120.4	12.31968
120.5	12.31745
120.6	12.3136
120.7	12.30823
120.8	12.3015
120.9	12.29362
121	12.28476
121.1	12.27512
121.2	12.2648
121.3	12.25392
121.4	12.24253
121.5	12.23067
121.6	12.21838
121.7	12.20568
121.8	12.19262
121.9	12.17924
122	12.1656
122.1	12.15176
122.2	12.13778
122.3	12.12372
122.4	12.10963
122.5	12.08152
122.6	12.06757
122.7	12.05372
122.8	12.04
122.9	12.02642
123	12.01302
123.1	11.99981
123.2	11.98682
123.3	11.97406
123.4	11.96155
123.5	11.94932
123.6	11.93738
123.7	11.92574
123.8	11.91441
123.9	11.90341
124	11.89274
124.1	11.88241
124.2	11.87242
124.3	11.86279
124.4	11.85351
124.5	11.84459
124.6	11.83603
124.7	11.82783
124.8	11.82
124.9	11.81254
125	11.80544
125.1	11.79871
125.2	11.79235
125.3	11.78634
125.4	11.78069
125.5	11.7754
125.6	11.77046
125.7	11.76587
125.8	11.76162
125.9	11.75771
126	11.75413
126.1	11.75088
126.2	11.74795
126.3	11.74533
126.4	11.74302
126.5	11.74102
126.6	11.73931
126.7	11.73789
126.8	11.73675
126.9	11.73588
127	11.73528
127.1	11.73494
127.2	11.73485
127.3	11.735
127.4	11.73539
127.5	11.736
127.6	11.73684
127.7	11.73788
127.8	11.73913
127.9	11.74058
128	11.74222
128.1	11.74403
128.2	11.74602
128.3	11.74818
128.4	11.75049
128.5	11.75295
128.6	11.75556
128.7	11.7583
128.8	11.76117
128.9	11.76416
129	11.76727
129.1	11.77048
129.2	11.77379
129.3	11.77719
129.4	11.78069
129.5	11.78426
129.6	11.78791
129.7	11.79162
129.8	11.7954
129.9	11.79923
130	11.80312
130.1	11.80705
130.2	11.81101
130.3	11.81501
130.4	11.81904
130.5	11.8231
130.6	11.82717
130.7	11.83125
130.8	11.83535
130.9	11.83945
131	11.84356
131.1	11.84766
131.2	11.85175
131.3	11.85583
131.4	11.8599
131.5	11.86395
131.6	11.86798
131.7	11.87198
131.8	11.87595
131.9	11.8799
132	11.88381
132.1	11.88769
132.2	11.89152
132.3	11.89532
132.4	11.89907
132.5	11.90278
132.6	11.90644
132.7	11.91005
132.8	11.91361
132.9	11.91711
133	11.92057
133.1	11.92396
133.2	11.9273
133.3	11.93058
133.4	11.93381
133.5	11.93697
133.6	11.94007
133.7	11.94311
133.8	11.94608
133.9	11.94899
134	11.95184
134.1	11.95463
134.2	11.95735
134.3	11.96
134.4	11.96259
134.5	11.96512
134.6	11.96758
134.7	11.96997
134.8	11.9723
134.9	11.97457
135	11.97677
135.1	11.9789
135.2	11.98098
135.3	11.98298
135.4	11.98493
135.5	11.98681
135.6	11.98863
135.7	11.99039
135.8	11.99208
135.9	11.99372
136	11.9953
136.1	11.99682
136.2	11.99828
136.3	11.99968
136.4	12.00102
136.5	12.00231
136.6	12.00355
136.7	12.00473
136.8	12.00586
136.9	12.00694
137	12.00796
137.1	12.00894
137.2	12.00986
137.3	12.01074
137.4	12.01157
137.5	12.01235
137.6	12.01309
137.7	12.01379
137.8	12.01444
137.9	12.01505
138	12.01562
138.1	12.01615
138.2	12.01664
138.3	12.01709
138.4	12.01751
138.5	12.01789
138.6	12.01823
138.7	12.01854
138.8	12.01882
138.9	12.01907
139	12.01929
139.1	12.01948
139.2	12.01963
139.3	12.01976
139.4	12.01987
139.5	12.01995
139.6	12.02
139.7	12.02003
139.8	12.02004
139.9	12.02003
140	12.01999
140.1	12.01994
140.2	12.01986
140.3	12.01977
140.4	12.01954
140.5	12.01954
140.6	12.01939
140.7	12.01906
140.8	12.01906
140.9	12.01888
141	12.01847
141.1	12.01847
141.2	12.01801
141.3	12.01801
141.4	12.01752
141.5	12.01726
141.6	12.01699
141.7	12.01672
141.8	12.01643
141.9	12.01614
142	12.01585
142.1	12.01555
142.2	12.01525
142.3	12.01494
142.4	12.01463
142.5	12.01431
142.6	12.014
142.7	12.01368
142.8	12.01335
142.9	12.01303
143	12.01271
143.1	12.01238
143.2	12.01206
143.3	12.01174
143.4	12.01141
143.5	12.01109
143.6	12.01077
143.7	12.01045
143.8	12.01013
143.9	12.00981
144	12.0095
144.1	12.00919
144.2	12.00888
144.3	12.00857
144.4	12.00827
144.5	12.00797
144.6	12.00768
144.7	12.00739
144.8	12.0071
144.9	12.00681
145	12.00654
145.1	12.00626
145.2	12.00599
145.3	12.00572
145.4	12.00546
145.5	12.00521
145.6	12.00495
145.7	12.00471
145.8	12.00447
145.9	12.00423
146	12.004
146.1	12.00377
146.2	12.00355
146.3	12.00333
146.4	12.00312
146.5	12.00292
146.6	12.00272
146.7	12.00252
146.8	12.00233
146.9	12.00215
147	12.00197
147.1	12.00179
147.2	12.00162
147.3	12.00146
147.4	12.0013
147.5	12.00114
147.6	12.001
147.7	12.00085
147.8	12.00071
147.9	12.00058
148	12.00045
148.1	12.00032
148.2	12.0002
148.3	12.00009
148.4	11.99998
148.5	11.99987
148.6	11.99977
148.7	11.99967
148.8	11.99958
148.9	11.99949
149	11.99941
149.1	11.99933
149.2	11.99925
149.3	11.99918
149.4	11.99911
149.5	11.99905
149.6	11.99899
149.7	11.99893
149.8	11.99887
149.9	11.99882
150	11.99877
150.1	11.99873
150.2	11.99869
150.3	11.99865
150.4	11.99862
150.5	11.99858
150.6	11.99855
150.7	11.99853
150.8	11.9985
150.9	11.99848
151	11.99846
151.1	11.99845
151.2	11.99844
151.3	11.99842
151.4	11.99841
151.5	11.99841
151.6	11.9984
151.7	11.9984
151.8	11.99839
151.9	11.99839
152	11.9984
152.1	11.9984
152.2	11.99841
152.3	11.99841
152.4	11.99842
152.5	11.99843
152.6	11.99844
152.7	11.99846
152.8	11.99847
152.9	11.99848
153	11.9985
153.1	11.99852
153.2	11.99853
153.3	11.99855
153.4	11.99857
153.5	11.99859
153.6	11.99861
153.7	11.99863
153.8	11.99865
153.9	11.99868
154	11.9987
154.1	11.99872
154.2	11.99875
154.3	11.99877
154.4	11.9988
154.5	11.99882
154.6	11.99885
154.7	11.99888
154.8	11.9989
154.9	11.99893
155	11.99895
155.1	11.99898
155.2	11.999
155.3	11.99903
155.4	11.99905
155.5	11.99908
155.6	11.99911
155.7	11.99913
155.8	11.99916
155.9	11.99918
156	11.9992
156.1	11.99923
156.2	11.99925
156.3	11.99928
156.4	11.9993
156.5	11.99933
156.6	11.99935
156.7	11.99938
156.8	11.9994
156.9	11.99942
157	11.99945
157.1	11.99947
157.2	11.99949
157.3	11.99951
157.4	11.99953
157.5	11.99955
157.6	11.99958
157.7	12.00426
157.8	12.00887
157.9	12.0134
158	12.01514
158.1	12.01381
158.2	12.00915
158.3	12.00141
158.4	11.99091
158.5	11.97806
158.6	11.96323
158.7	11.94675
158.8	11.9289
158.9	11.90988
159	11.88986
159.1	11.86896
159.2	11.84728
159.3	11.82487
159.4	11.80179
159.5	11.77808
159.6	11.75381
159.7	11.72907
159.8	11.70392
159.9	11.67844
160	11.65268
160.1	11.6267
160.2	11.60056
160.3	11.57432
160.4	11.52174
160.5	11.49549
160.6	11.49549
160.7	11.44332
160.8	11.41748
160.9	11.41748
161	11.36645
161.1	11.36645
161.2	11.31654
161.3	11.29207
161.4	11.26796
161.5	11.24423
161.6	11.22091
161.7	11.19802
161.8	11.17556
161.9	11.15357
162	11.13205
162.1	11.11102
162.2	11.09049
162.3	11.07047
162.4	11.05097
162.5	11.03199
162.6	11.01354
162.7	10.99564
162.8	10.97827
162.9	10.96145
163	10.94518
163.1	10.92946
163.2	10.91429
163.3	10.89967
163.4	10.8856
163.5	10.87208
163.6	10.85909
163.7	10.84666
163.8	10.83475
163.9	10.82339
164	10.81254
164.1	10.80223
164.2	10.79243
164.3	10.78314
164.4	10.77435
164.5	10.76606
164.6	10.75826
164.7	10.75094
164.8	10.74409
164.9	10.7377
165	10.73178
165.1	10.72629
165.2	10.72125
165.3	10.71663
165.4	10.71243
165.5	10.70864
165.6	10.70525
165.7	10.70225
165.8	10.69963
165.9	10.69737
166	10.69548
166.1	10.69393
166.2	10.69272
166.3	10.69184
166.4	10.69128
166.5	10.69102
166.6	10.69106
166.7	10.69139
166.8	10.69199
166.9	10.69271
167	10.69341
167.1	10.69407
167.2	10.69471
167.3	10.69532
167.4	10.69591
167.5	10.69647
167.6	10.69701
167.7	10.69753
167.8	10.69803
167.9	10.69851
168	10.69896
168.1	10.6994
168.2	10.69983
168.3	10.70023
168.4	10.70062
168.5	10.70099
168.6	10.70135
168.7	10.70169
168.8	10.70202
168.9	10.70234
169	10.70264
169.1	10.70294
169.2	10.70322
169.3	10.70348
169.4	10.70374
169.5	10.70399
169.6	10.70423
169.7	10.70445
169.8	10.70467
169.9	10.70488
170	10.70508
170.1	10.70528
170.2	10.70546
170.3	10.70564
170.4	10.70581
170.5	10.70597
170.6	10.70613
170.7	10.70628
170.8	10.70643
170.9	10.70657
171	10.7067
171.1	10.70683
171.2	10.70695
171.3	10.70707
171.4	10.70718
171.5	10.70729
171.6	10.70739
171.7	10.70749
171.8	10.70759
171.9	10.70768
172	10.70777
172.1	10.70786
172.2	10.70794
172.3	10.70802
172.4	10.70809
172.5	10.70816
172.6	10.70823
172.7	10.7083
172.8	10.70836
172.9	10.70842
173	10.70848
173.1	10.70854
173.2	10.70859
173.3	10.70864
173.4	10.70869
173.5	10.70874
173.6	10.70879
173.7	10.70883
173.8	10.70887
173.9	10.70891
174	10.70895
174.1	10.70899
174.2	10.70902
174.3	10.70906
174.4	10.70909
174.5	10.70912
174.6	10.70915
174.7	10.70918
174.8	10.70921
174.9	10.70924
175	10.70926
175.1	10.70929
175.2	10.70931
175.3	10.70933
175.4	10.70936
175.5	10.70938
175.6	10.7094
175.7	10.70942
175.8	10.70943
175.9	10.70945
176	10.70947
176.1	10.70949
176.2	10.7095
176.3	10.70952
176.4	10.70953
176.5	10.70955
176.6	10.70956
176.7	10.70957
176.8	10.70958
176.9	10.7096
177	10.70961
177.1	10.70962
177.2	10.70963
177.3	10.70964
177.4	10.70965
177.5	10.70966
177.6	10.70966
177.7	10.70967
177.8	10.70968
177.9	10.70969
178	10.7097
178.1	10.7097
178.2	10.70971
178.3	10.70972
178.4	10.70972
178.5	10.70973
178.6	10.70973
178.7	10.70974
178.8	10.70975
178.9	10.70975
179	10.70976
179.1	10.70976
179.2	10.70977
179.3	10.70977
179.4	10.70977
179.5	10.70978
179.6	10.70978
179.7	10.70979
179.8	10.70979
179.9	10.70979
180	10.7098
180.1	10.7098
180.2	10.7098
180.3	10.7098
180.4	10.70981
180.5	10.70981
180.6	10.70981
180.7	10.70982
180.8	10.70982
180.9	10.70982
181	10.70982
181.1	10.70982
181.2	10.70983
181.3	10.70983
181.4	10.70983
181.5	10.70983
181.6	10.70984
181.7	10.70984
181.8	10.70984
181.9	10.70984
182	10.70984
182.1	10.70984
182.2	10.70984
182.3	10.70985
182.4	10.70985
182.5	10.70985
182.6	10.70985
182.7	10.70985
182.8	10.70985
182.9	10.70985
183	10.70985
183.1	10.70985
183.2	10.70985
183.3	10.70986
183.4	10.70986
183.5	10.70986
183.6	10.70986
183.7	10.70986
183.8	10.70986
183.9	10.70986
184	10.70986
184.1	10.70986
184.2	10.70986
184.3	10.70986
184.4	10.70987
184.5	10.70987
184.6	10.70987
184.7	10.70987
184.8	10.70987
184.9	10.70987
185	10.70987
185.1	10.70987
185.2	10.70987
185.3	10.70987
185.4	10.70987
185.5	10.70987
185.6	10.70987
185.7	10.70987
185.8	10.70987
185.9	10.70987
186	10.70987
186.1	10.70987
186.2	10.70987
186.3	10.70987
186.4	10.70987
186.5	10.70987
186.6	10.70987
186.7	10.70987
186.8	10.70987
186.9	10.70987
187	10.70987
187.1	10.70987
187.2	10.70987
187.3	10.70987
187.4	10.70987
187.5	10.70987
187.6	10.70987
187.7	10.70987
187.8	10.70987
187.9	10.70987
188	10.70987
188.1	10.70987
188.2	10.70987
188.3	10.70987
188.4	10.70987
188.5	10.70987
188.6	10.70987
188.7	10.70987
188.8	10.70987
188.9	10.70987
189	10.70987
189.1	10.70987
189.2	10.70987
189.3	10.70987
189.4	10.70987
189.5	10.70987
189.6	10.70987
189.7	10.70987
189.8	10.70987
189.9	10.70987
190	10.70987
190.1	10.70987
190.2	10.70987
190.3	10.70987
190.4	10.70987
190.5	10.70987
190.6	10.70987
190.7	10.70987
190.8	10.70987
190.9	10.70987
191	10.70987
191.1	10.70987
191.2	10.70987
191.3	10.70987
191.4	10.70987
191.5	10.70987
191.6	10.70987
191.7	10.70987
191.8	10.70987
191.9	10.70987
192	10.70987
192.1	10.70987
192.2	10.70987
192.3	10.70987
192.4	10.70987
192.5	10.70987
192.6	10.70987
192.7	10.70987
192.8	10.70987
192.9	10.70987
193	10.70987
193.1	10.70987
193.2	10.70987
193.3	10.70987
193.4	10.70987
193.5	10.70987
193.6	10.70987
193.7	10.70987
193.8	10.70987
193.9	10.70987
194	10.70987
194.1	10.70987
194.2	10.70987
194.3	10.70987
194.4	10.70987
194.5	10.70987
194.6	10.70987
194.7	10.70987
194.8	10.70987
194.9	10.70987
195	10.70987
195.1	10.70987
195.2	10.70987
195.3	10.70987
195.4	10.70987
195.5	10.70987
195.6	10.70987
195.7	10.70987
195.8	10.70987
195.9	10.70987
196	10.70987
196.1	10.70987
196.2	10.70987
196.3	10.70987
196.4	10.70987
196.5	10.70987
196.6	10.70987
196.7	10.70987
196.8	10.70987
196.9	10.70987
197	10.70987
197.1	10.70987
197.2	10.70987
197.3	10.70987
197.4	10.70987
197.5	10.70987
197.6	10.70987
197.7	10.70987
197.8	10.70987
197.9	10.70987
198	10.70987
198.1	10.70987
198.2	10.70987
198.3	10.70987
198.4	10.70987
198.5	10.70987
198.6	10.70987
198.7	10.70987
198.8	10.70987
198.9	10.70987
199	10.70987
199.1	10.70987
199.2	10.70987
199.3	10.70987
199.4	10.70987
199.5	10.70987
199.6	10.70987
199.7	10.70987
199.8	10.70987
199.9	10.70987
200	10.70987
200.1	10.70987
200.2	10.70987
200.3	10.70987
200.4	10.70987
200.5	10.70987
200.6	10.70987
200.7	10.70987
200.8	10.70987
200.9	10.70987
201	10.70987
201.1	10.70987
201.2	10.70987
201.3	10.70987
201.4	10.70987
201.5	10.70987
201.6	10.70987
201.7	10.70987
201.8	10.70987
201.9	10.70987
202	10.70987
202.1	10.70987
202.2	10.70987
202.3	10.70987
202.4	10.70987
202.5	10.70987
202.6	10.70987
202.7	10.70987
202.8	10.70987
202.9	10.70987
203	10.70987
203.1	10.70987
203.2	10.70987
203.3	10.70987
203.4	10.70987
203.5	10.70987
203.6	10.70987
203.7	10.70987
203.8	10.70987
203.9	10.70987
204	10.70987
204.1	10.70987
204.2	10.70987
204.3	10.70987
204.4	10.70987
204.5	10.70987
204.6	10.70987
204.7	10.70987
204.8	10.70987
204.9	10.70987
205	10.70987
205.1	10.70987
205.2	10.70987
205.3	10.70987
205.4	10.70987
205.5	10.70987
205.6	10.70987
205.7	10.70987
205.8	10.70987
205.9	10.70987
206	10.70987
206.1	10.70987
206.2	10.70987
206.3	10.70987
206.4	10.70987
206.5	10.70987
206.6	10.70987
206.7	10.70987
206.8	10.70987
206.9	10.70987
207	10.70987
207.1	10.70987
