1 0
2 0
3 0
4 0
5 0
6 0
7 0
8 0
9 0
10 0
11 0.0050627
12 0.0191
13 0.040555
14 0.068073
15 0.10048
16 0.13675
17 0.17602
18 0.21752
19 0.26062
20 0.30474
21 0.34944
22 0.3943
23 0.439
24 0.48325
25 0.52683
26 0.56954
27 0.61125
28 0.65182
29 0.69116
30 0.72921
31 0.76592
32 0.80125
33 0.83519
34 0.86773
35 0.89888
36 0.92865
37 0.95706
38 0.98414
39 1.0099
40 1.0344
41 1.0577
42 1.0799
43 1.1008
44 1.1207
45 1.1395
46 1.1573
47 1.1741
48 1.19
49 1.2051
50 1.2192
51 1.2326
52 1.2452
53 1.2571
54 1.2683
55 1.2789
56 1.2888
57 1.2981
58 1.3069
59 1.3152
60 1.323
61 1.3303
62 1.3371
63 1.3436
64 1.3496
65 1.3553
66 1.3606
67 1.3656
68 1.3703
69 1.3748
70 1.3789
71 1.3828
72 1.3864
73 1.3898
74 1.393
75 1.396
76 1.3988
77 1.4014
78 1.4039
79 1.4062
80 1.4084
81 1.4104
82 1.4123
83 1.4141
84 1.4157
85 1.4173
86 1.4187
87 1.4201
88 1.4214
89 1.4226
90 1.4237
91 1.4247
92 1.4257
93 1.4266
94 1.4275
95 1.4283
96 1.429
97 1.4297
98 1.4304
99 1.431
100 1.4316
101 1.4321
102 1.4326
103 1.4331
104 1.4335
105 1.4339
106 1.4343
107 1.4347
108 1.435
109 1.4353
110 1.4356
111 1.4359
112 1.4362
113 1.4364
114 1.4366
115 1.4368
116 1.437
117 1.4372
118 1.4374
119 1.4375
120 1.4377
121 1.4378
122 1.438
123 1.4381
124 1.4382
125 1.4383
126 1.4384
127 1.4385
128 1.4386
129 1.4387
130 1.4388
131 1.4388
132 1.4389
133 1.439
134 1.439
135 1.4391
136 1.4391
137 1.4392
138 1.4392
139 1.4392
140 1.4393
141 1.4393
142 1.4394
143 1.4394
144 1.4394
145 1.4394
146 1.4395
147 1.4395
