0 0.000000
1 0.000000
2 -0.304940
3 -0.547880
4 -0.741440
5 -0.895630
6 -1.018500
7 -1.116300
8 -1.194300
9 -1.256400
10 -1.305900
11 -1.345300
12 -1.376700
13 -1.401700
14 -1.421600
15 -1.437500
16 -1.450100
17 -1.460200
18 -1.468200
19 -1.474500
20 -1.479600
21 -1.483700
22 -1.486900
23 -1.489400
24 -1.491500
25 -1.493100
26 -1.494400
27 -1.495400
28 -1.496200
29 -1.496800
30 -1.497300
31 -1.497700
32 -1.498000
33 -1.498300
34 -1.498500
35 -1.498700
36 -1.498800
37 -1.498900
38 -1.498900
39 -1.499000
40 -1.499000
41 -1.499100
42 -1.499100
43 -1.499100
44 -1.499100
45 -1.499100
46 -1.499200
47 -1.499200
48 -1.499200
49 -1.499200
50 -1.499200
51 -1.499200
52 -1.499200
53 -1.499200
54 -1.499100
55 -1.499100
56 -1.499100
57 -1.499100
58 -1.499100
59 -1.499100
60 -1.499100
61 -1.499100
62 -1.499100
63 -1.499100
64 -1.499100
65 -1.499100
66 -1.499100
67 -1.499100
68 -1.499100
69 -1.499100
70 -1.499100
71 -1.499100
72 -1.499100
73 -1.499100
74 -1.499100
75 -1.499100
76 -1.499100
77 -1.499100
78 -1.499100
79 -1.499100
80 -1.499100
81 -1.499100
82 -1.499100
83 -1.499100
84 -1.499100
85 -1.499100
86 -1.499100
87 -1.499100
88 -1.499100
89 -1.499100
90 -1.499100
91 -1.499100
92 -1.499100
93 -1.499100
94 -1.499100
95 -1.499100
96 -1.499100
97 -1.499100
98 -1.499100
99 -1.499100
100 -1.499100
101 -1.499100
102 -1.499100
103 -1.499100
104 -1.499100
105 -1.499100
106 -1.499100
107 -1.499100
108 -1.499100
109 -1.499100
110 -1.499100
111 -1.499100
112 -1.499100
113 -1.499100
114 -1.499100
115 -1.499100
116 -1.499100
117 -1.499100
118 -1.499100
119 -1.499100
120 -1.499100
121 -1.499100
122 -1.499100
123 -1.499100
124 -1.499100
125 -1.499100
126 -1.499100
127 -1.499100
128 -1.499100
129 -1.499100
130 -1.499100
131 -1.499100
132 -1.499100
133 -1.499100
134 -1.499100
135 -1.499100
136 -1.499100
137 -1.499100
138 -1.499100
139 -1.499100
140 -1.499100
141 -1.499100
142 -1.499100
143 -1.499100
144 -1.499100
145 -1.499100
146 -1.499100
147 -1.499100
148 -1.499100
149 -1.499100
150 -1.499100
151 -1.499100
152 -1.499100
153 -1.499100
154 -1.499100
155 -1.499100
156 -1.499100
157 -1.499100
158 -1.499100
159 -1.499100
160 -1.499100
161 -1.499100
162 -1.499100
163 -1.499100
164 -1.499100
165 -1.499100
166 -1.499100
167 -1.499100
168 -1.499100
169 -1.499100
170 -1.499100
171 -1.499100
172 -1.499100
173 -1.499100
174 -1.499100
175 -1.499100
176 -1.499100
177 -1.499100
178 -1.499100
179 -1.499100
180 -1.499100
181 -1.499100
182 -1.499100
183 -1.499100
184 -1.499100
185 -1.499100
186 -1.499100
187 -1.499100
188 -1.499100
189 -1.499100
190 -1.499100
191 -1.499100
192 -1.499100
193 -1.499100
194 -1.499100
195 -1.499100
196 -1.499100
197 -1.499100
198 -1.499100
199 -1.499100
