0 0.000000
1 0.000000
2 0.609880
3 1.095800
4 1.482900
5 1.791300
6 2.037000
7 2.232700
8 2.388600
9 2.512800
10 2.611800
11 2.690600
12 2.753400
13 2.803400
14 2.843200
15 2.874900
16 2.900200
17 2.920300
18 2.936300
19 2.949100
20 2.959200
21 2.967300
22 2.973700
23 2.978800
24 2.982900
25 2.986100
26 2.988700
27 2.990700
28 2.992400
29 2.993600
30 2.994700
31 2.995500
32 2.996100
33 2.996600
34 2.997000
35 2.997300
36 2.997500
37 2.997700
38 2.997900
39 2.998000
40 2.998100
41 2.998200
42 2.998200
43 2.998200
44 2.998300
45 2.998300
46 2.998300
47 2.998300
48 2.998300
49 2.998300
50 2.998300
51 2.998300
52 2.998300
53 2.998300
54 2.998300
55 2.998300
56 2.998300
57 2.998300
58 2.998300
59 2.998300
60 2.998300
61 2.998300
62 2.998300
63 2.998200
64 2.998200
65 2.998200
66 2.998200
67 2.998200
68 2.998200
69 2.998200
70 2.998200
71 2.998200
72 2.998200
73 2.998200
74 2.998200
75 2.998200
76 2.998200
77 2.998200
78 2.998200
79 2.998200
80 2.998200
81 2.998200
82 2.998200
83 2.998200
84 2.998200
85 2.998200
86 2.998200
87 2.998200
88 2.998200
89 2.998200
90 2.998200
91 2.998200
92 2.998200
93 2.998200
94 2.998200
95 2.998200
96 2.998200
97 2.998200
98 2.998200
99 2.998200
100 2.998200
101 2.998200
102 2.998200
103 2.998200
104 2.998200
105 2.998200
106 2.998200
107 2.998200
108 2.998200
109 2.998100
110 2.998100
111 2.998100
112 2.998100
113 2.998100
114 2.998100
115 2.998100
116 2.998100
117 2.998100
118 2.998100
119 2.998100
120 2.998100
121 2.998100
122 2.998100
123 2.998100
124 2.998100
125 2.998100
126 2.998100
127 2.998100
128 2.998100
129 2.998100
130 2.998100
131 2.998100
132 2.998100
133 2.998100
134 2.998100
135 2.998100
136 2.998100
137 2.998100
138 2.998100
139 2.998100
140 2.998100
141 2.998100
142 2.998100
143 2.998100
144 2.998100
145 2.998100
146 2.998100
147 2.998100
148 2.998100
149 2.998100
150 2.998100
151 2.998100
152 2.998100
153 2.998100
154 2.998100
155 2.998100
156 2.998100
157 2.998100
158 2.998100
159 2.998100
160 2.998100
161 2.998100
162 2.998100
163 2.998100
164 2.998100
165 2.998100
166 2.998100
167 2.998100
168 2.998100
169 2.998100
170 2.998100
171 2.998100
172 2.998100
173 2.998100
174 2.998100
175 2.998100
176 2.998100
177 2.998100
178 2.998100
179 2.998100
180 2.998100
181 2.998100
182 2.998100
183 2.998100
184 2.998100
185 2.998100
186 2.998100
187 2.998100
188 2.998100
189 2.998100
190 2.998100
191 2.998100
192 2.998100
193 2.998100
194 2.998100
195 2.998100
196 2.998100
197 2.998100
198 2.998100
199 2.998100
