1 0
2 0
3 0
4 0
5 0
6 0
7 0
8 0
9 0
10 1
11 1
12 1
13 1
14 1
15 1
16 1
17 1
18 1
19 1
20 1
21 1
22 1
23 1
24 1
25 1
26 1
27 1
28 1
29 1
30 1
31 1
32 1
33 1
34 1
35 1
36 1
37 1
38 1
39 1
40 1
41 1
42 1
43 1
44 1
45 1
46 1
47 1
48 1
49 1
50 1
51 1
52 1
53 1
54 1
55 1
56 1
57 1
58 1
59 1
60 1
61 1
62 1
63 1
64 1
65 1
66 1
67 1
68 1
69 1
70 1
71 1
72 1
73 1
74 1
75 1
76 1
77 1
78 1
79 1
80 1
81 1
82 1
83 1
84 1
85 1
86 1
87 1
88 1
89 1
90 1
91 1
92 1
93 1
94 1
95 1
96 1
97 1
98 1
99 1
100 1
101 1
102 1
103 1
104 1
105 1
106 1
107 1
108 1
109 1
110 3
111 3
112 3
113 3
114 3
115 3
116 3
117 3
118 3
119 3
120 3
121 3
122 3
123 3
124 3
125 3
126 3
127 3
128 3
129 3
130 3
131 3
132 3
133 3
134 3
135 3
136 3
137 3
138 3
139 3
140 3
141 3
142 3
143 3
144 3
145 3
146 3
147 3
148 3
149 3
150 3
151 3
152 3
153 3
154 3
155 3
156 3
157 3
158 3
159 3
160 3
161 3
162 3
163 3
164 3
165 3
166 3
167 3
168 3
169 3
170 3
171 3
172 3
173 3
174 3
175 3
176 3
177 3
178 3
179 3
180 3
181 3
182 3
183 3
184 3
185 3
186 3
187 3
188 3
189 3
190 3
191 3
192 3
193 3
194 3
195 3
196 3
197 3
198 3
199 3
200 3
201 3
202 3
203 3
204 3
205 3
206 3
207 3
208 3
209 3
210 1.5
211 1.5
212 1.5
213 1.5
214 1.5
215 1.5
216 1.5
217 1.5
218 1.5
219 1.5
220 1.5
221 1.5
222 1.5
223 1.5
224 1.5
225 1.5
226 1.5
227 1.5
228 1.5
229 1.5
230 1.5
231 1.5
232 1.5
233 1.5
234 1.5
235 1.5
236 1.5
237 1.5
238 1.5
239 1.5
240 1.5
241 1.5
242 1.5
243 1.5
244 1.5
245 1.5
246 1.5
247 1.5
248 1.5
249 1.5
250 1.5
251 1.5
252 1.5
253 1.5
254 1.5
255 1.5
256 1.5
257 1.5
258 1.5
259 1.5
260 1.5
261 1.5
262 1.5
263 1.5
264 1.5
265 1.5
266 1.5
267 1.5
268 1.5
269 1.5
270 1.5
271 1.5
272 1.5
273 1.5
274 1.5
275 1.5
276 1.5
277 1.5
278 1.5
279 1.5
280 1.5
281 1.5
282 1.5
283 1.5
284 1.5
285 1.5
286 1.5
287 1.5
288 1.5
289 1.5
290 1.5
291 1.5
292 1.5
293 1.5
294 1.5
295 1.5
296 1.5
297 1.5
298 1.5
299 1.5
300 1.5
301 1.5
302 1.5
303 1.5
304 1.5
305 1.5
306 1.5
307 1.5
308 1.5
309 1.5
310 0
311 0
312 0
313 0
314 0
315 0
316 0
317 0
318 0
319 0
320 0
321 0
322 0
323 0
324 0
325 0
326 0
327 0
328 0
329 0
330 0
331 0
332 0
333 0
334 0
335 0
336 0
337 0
338 0
339 0
340 0
341 0
342 0
343 0
344 0
345 0
346 0
347 0
348 0
349 0
350 0
351 0
352 0
353 0
354 0
355 0
356 0
357 0
358 0
359 0
360 0
361 0
362 0
363 0
364 0
365 0
366 0
367 0
368 0
369 0
370 0
371 0
372 0
373 0
374 0
375 0
376 0
377 0
378 0
379 0
380 0
381 0
382 0
383 0
384 0
385 0
386 0
387 0
388 0
389 0
390 0
391 0
392 0
393 0
394 0
395 0
396 0
397 0
398 0
399 0
400 0
