1 0
2 0
3 0
4 0
5 0
6 0
7 0
8 0
9 0
10 1.523
11 1.9414
12 1.7836
13 1.4069
14 1.016
15 0.70395
16 0.49435
17 0.37536
18 0.32206
19 0.30922
20 0.31694
21 0.33201
22 0.34704
23 0.35878
24 0.36652
25 0.37082
26 0.37267
27 0.37304
28 0.37269
29 0.37209
30 0.37151
31 0.37107
32 0.37079
33 0.37063
34 0.37057
35 0.37056
36 0.37057
37 0.3706
38 0.37062
39 0.37064
40 0.37065
41 0.37065
42 0.37065
43 0.37065
44 0.37065
45 0.37065
46 0.37065
47 0.37065
48 0.37065
49 0.37065
50 0.37065
51 0.37065
52 0.37065
53 0.37065
54 0.37065
55 0.37065
56 0.37065
57 0.37065
58 0.37065
59 0.37065
60 0.37065
61 0.37065
62 0.37065
63 0.37065
64 0.37065
65 0.37065
66 0.37065
67 0.37065
68 0.37065
69 0.37065
70 0.37065
71 0.37065
72 0.37065
73 0.37065
74 0.37065
75 0.37065
76 0.37065
77 0.37065
78 0.37065
79 0.37065
80 0.37065
81 0.37065
82 0.37065
83 0.37065
84 0.37065
85 0.37065
86 0.37065
87 0.37065
88 0.37065
89 0.37065
90 0.37065
91 0.37065
92 0.37065
93 0.37065
94 0.37065
95 0.37065
96 0.37065
97 0.37065
98 0.37065
99 0.37065
100 0.37065
101 0.37065
102 0.37065
103 0.37065
104 0.37065
105 0.37065
106 0.37065
107 0.37065
108 0.37065
109 0.37065
110 3.4166
111 4.2534
112 3.9378
113 3.1845
114 2.4027
115 1.7786
116 1.3594
117 1.1214
118 1.0148
119 0.98909
120 1.0045
121 1.0347
122 1.0647
123 1.0882
124 1.1037
125 1.1123
126 1.116
127 1.1167
128 1.116
129 1.1148
130 1.1137
131 1.1128
132 1.1122
133 1.1119
134 1.1118
135 1.1118
136 1.1118
137 1.1118
138 1.1119
139 1.1119
140 1.1119
141 1.112
142 1.112
143 1.112
144 1.112
145 1.112
146 1.112
147 1.112
148 1.112
149 1.112
150 1.112
151 1.112
152 1.112
153 1.112
154 1.112
155 1.112
156 1.112
157 1.112
158 1.112
159 1.112
160 1.112
161 1.112
162 1.112
163 1.112
164 1.112
165 1.112
166 1.112
167 1.112
168 1.112
169 1.112
170 1.112
171 1.112
172 1.112
173 1.112
174 1.112
175 1.112
176 1.112
177 1.1119
178 1.1119
179 1.112
180 1.112
181 1.112
182 1.112
183 1.112
184 1.112
185 1.1121
186 1.1121
187 1.1121
188 1.112
189 1.112
190 1.112
191 1.112
192 1.1119
193 1.1119
194 1.1119
195 1.1119
196 1.1119
197 1.1119
198 1.1119
199 1.1119
200 1.1119
201 1.112
202 1.112
203 1.112
204 1.112
205 1.112
206 1.112
207 1.112
208 1.112
209 1.112
210 -1.1725
211 -1.8001
212 -1.5634
213 -0.99841
214 -0.41211
215 0.056024
216 0.37043
217 0.54891
218 0.62886
219 0.64813
220 0.63655
221 0.61394
222 0.5914
223 0.57379
224 0.56218
225 0.55573
226 0.55295
227 0.55239
228 0.55292
229 0.55382
230 0.55468
231 0.55534
232 0.55577
233 0.556
234 0.5561
235 0.55612
236 0.55609
237 0.55606
238 0.55602
239 0.556
240 0.55598
241 0.55597
242 0.55597
243 0.55597
244 0.55597
245 0.55597
246 0.55597
247 0.55598
248 0.55598
249 0.55598
250 0.55598
251 0.55598
252 0.55598
253 0.55598
254 0.55598
255 0.55598
256 0.55598
257 0.55598
258 0.55598
259 0.55598
260 0.55598
261 0.55598
262 0.55598
263 0.55598
264 0.55598
265 0.55598
266 0.55598
267 0.55598
268 0.55598
269 0.55598
270 0.55598
271 0.55598
272 0.55598
273 0.55598
274 0.55597
275 0.55597
276 0.55597
277 0.55597
278 0.55597
279 0.55597
280 0.55598
281 0.55601
282 0.55604
283 0.55609
284 0.55614
285 0.55617
286 0.55619
287 0.55618
288 0.55615
289 0.55611
290 0.55608
291 0.556
292 0.55591
293 0.55583
294 0.5558
295 0.5558
296 0.55582
297 0.55586
298 0.55591
299 0.55594
300 0.55597
301 0.55598
302 0.55599
303 0.55599
304 0.55599
305 0.55598
306 0.55598
307 0.55598
308 0.55598
309 0.55598
310 -1.7284
311 -2.3561
312 -2.1194
313 -1.5544
314 -0.96809
315 -0.49995
316 -0.18555
317 -0.0070667
318 0.07288
319 0.09215
320 0.080572
321 0.057961
322 0.03542
323 0.017813
324 0.0062035
325 -0.00024619
326 -0.0030262
327 -0.0035893
328 -0.003056
329 -0.0021571
330 -0.001293
331 -0.00063216
332 -0.00020436
333 2.8017e-05
334 0.000124
335 0.00013919
336 0.00011558
337 8.0067e-05
338 4.7045e-05
339 2.2302e-05
340 6.579e-06
341 -1.7614e-06
342 -5.044e-06
343 -5.3904e-06
344 -4.3713e-06
345 -2.9738e-06
346 -1.7139e-06
347 -7.8829e-07
348 -2.1078e-07
349 8.8316e-08
350 2.0019e-07
351 2.0566e-07
352 1.6342e-07
353 1.0974e-07
354 6.3089e-08
355 3.0138e-08
356 1.085e-08
357 2.282e-09
358 8.5046e-10
359 3.3909e-09
360 7.4179e-09
361 1.0899e-08
362 1.1797e-08
363 7.6075e-09
364 -4.8597e-09
365 -2.9162e-08
366 -6.7999e-08
367 -1.2112e-07
368 -1.8181e-07
369 -2.3179e-07
370 -2.3484e-07
371 -1.3137e-07
372 1.6277e-07
373 7.4518e-07
374 1.6956e-06
375 3.0139e-06
376 4.5184e-06
377 5.7041e-06
378 5.5792e-06
379 2.5348e-06
380 -5.6467e-06
381 -2.147e-05
382 -4.6855e-05
383 -8.1437e-05
384 -0.00011983
385 -0.0001479
386 -0.00015765
387 -0.00014948
388 -0.00012909
389 -0.0001037
390 -7.9366e-05
391 -2.1217e-05
392 4.9952e-05
393 0.00010719
394 0.00013602
395 0.0001359
396 0.00011495
397 8.3956e-05
398 5.2189e-05
399 2.561e-05
400 6.7589e-06
