1 0
2 0
3 0
4 0
5 0
6 0
7 0
8 0
9 0
10 1.9883
11 2.2733
12 1.8398
13 1.2602
14 0.79066
15 0.49559
16 0.34964
17 0.30096
18 0.30253
19 0.32246
20 0.34361
21 0.3592
22 0.36829
23 0.37237
24 0.3734
25 0.37301
26 0.37219
27 0.37145
28 0.37094
29 0.37067
30 0.37056
31 0.37055
32 0.37057
33 0.3706
34 0.37063
35 0.37064
36 0.37065
37 0.37065
38 0.37065
39 0.37065
40 0.37065
41 0.37065
42 0.37065
43 0.37065
44 0.37065
45 0.37065
46 0.37065
47 0.37065
48 0.37065
49 0.37065
50 0.37065
51 0.37065
52 0.37065
53 0.37065
54 0.37065
55 0.37065
56 0.37065
57 0.37065
58 0.37065
59 0.37065
60 -2.0245
61 -2.4872
62 -2.077
63 -1.4422
64 -0.89224
65 -0.52108
66 -0.31503
67 -0.22355
68 -0.19635
69 -0.19728
70 -0.20556
71 -0.21193
72 -0.21391
73 -0.21221
74 -0.20843
75 -0.20401
76 -0.19985
77 -0.19638
78 -0.1937
79 -0.19176
80 -0.19045
81 -0.18967
82 -0.18931
83 -0.18916
84 -0.18884
85 -0.18762
86 -0.18641
87 -0.18555
88 -0.18506
89 -0.18485
90 -0.1814
91 -0.18174
92 -0.18328
93 -0.18473
94 -0.18566
95 -0.18606
96 -0.1861
97 -0.18596
98 -0.18575
99 -0.18556
100 -0.1854
101 -0.18529
102 -0.18521
103 -0.18515
104 -0.18512
105 -0.18509
106 -0.18507
107 -0.18505
108 -0.18504
109 -0.18503
110 3.7916
111 4.3617
112 3.4945
113 2.3355
114 1.3963
115 0.80618
116 0.51428
117 0.41693
118 0.42007
119 0.45993
120 0.50223
121 0.53342
122 0.55161
123 0.55975
124 0.56183
125 0.56104
126 0.55941
127 0.55792
128 0.55691
129 0.55636
130 0.55615
131 0.55612
132 0.55616
133 0.55622
134 0.55628
135 0.55631
136 0.55632
137 0.55633
138 0.55633
139 0.55633
140 0.55632
141 0.55632
142 0.55632
143 0.55632
144 0.55632
145 0.55632
146 0.55632
147 0.55632
148 0.55632
149 0.55632
150 0.55632
151 0.55632
152 0.55632
153 0.55632
154 0.55632
155 0.55632
156 0.55632
157 0.55632
158 0.55632
159 0.55632
160 2.9515
161 3.4141
162 3.004
163 2.3692
164 1.8192
165 1.448
166 1.242
167 1.1505
168 1.1233
169 1.1243
170 1.1325
171 1.1389
172 1.1409
173 1.1392
174 1.1354
175 1.131
176 1.1268
177 1.1233
178 1.1207
179 1.1187
180 1.1174
181 1.1167
182 1.1163
183 1.1162
184 1.1159
185 1.1147
186 1.1135
187 1.1126
188 1.1121
189 1.1119
190 1.1084
191 1.1087
192 1.1102
193 1.1116
194 1.1125
195 1.1129
196 1.113
197 1.1129
198 1.1127
199 1.1125
200 1.1124
201 1.1123
202 1.1122
203 1.1121
204 1.1121
205 1.1121
206 1.112
207 1.112
208 1.112
209 1.112
210 -1.8705
211 -2.298
212 -1.6477
213 -0.77839
214 -0.074028
215 0.36858
216 0.58751
217 0.66052
218 0.65817
219 0.62827
220 0.59655
221 0.57315
222 0.55951
223 0.5534
224 0.55185
225 0.55244
226 0.55367
227 0.55478
228 0.55554
229 0.55595
230 0.55611
231 0.55612
232 0.55606
233 0.55597
234 0.55589
235 0.55583
236 0.55581
237 0.55583
238 0.55585
239 0.55588
240 0.55591
241 0.55598
242 0.55605
243 0.5561
244 0.55611
245 0.55609
246 0.55606
247 0.55603
248 0.556
249 0.55598
250 0.55598
251 0.55597
252 0.55597
253 0.55598
254 0.55598
255 0.55598
256 0.55598
257 0.55598
258 0.55598
259 0.55598
260 -1.8392
261 -2.3019
262 -1.8917
263 -1.2569
264 -0.70692
265 -0.33575
266 -0.12971
267 -0.038227
268 -0.011026
269 -0.011955
270 -0.020237
271 -0.026604
272 -0.028588
273 -0.026887
274 -0.023109
275 -0.018686
276 -0.014529
277 -0.01106
278 -0.0083827
279 -0.0064385
280 -0.0051216
281 -0.0043237
282 -0.0039218
283 -0.003713
284 -0.003313
285 -0.0020496
286 -0.00084207
287 -1.6112e-05
288 0.00042078
289 0.00058182
290 0.0040026
291 0.0035543
292 0.001898
293 0.00037957
294 -0.00055039
295 -0.00091151
296 -0.00089344
297 -0.00069181
298 -0.00044453
299 -0.00022493
300 -5.8621e-05
301 5.5773e-05
302 0.00013046
303 0.00017896
304 0.0002119
305 0.00023615
306 0.00025548
307 0.00027167
308 0.00028542
309 0.000297
310 -2.9821
311 -3.4097
312 -2.7593
313 -1.89
314 -1.1857
315 -0.74305
316 -0.52412
317 -0.4511
318 -0.45345
319 -0.48335
320 -0.51507
321 -0.53846
322 -0.5521
323 -0.55821
324 -0.55976
325 -0.55917
326 -0.55795
327 -0.55684
328 -0.55608
329 -0.55567
330 -0.5555
331 -0.55547
332 -0.55548
333 -0.55548
334 -0.55547
335 -0.55547
336 -0.55547
337 -0.55549
338 -0.55552
339 -0.55555
340 -0.55557
341 -0.55563
342 -0.55571
343 -0.55576
344 -0.55577
345 -0.55575
346 -0.55571
347 -0.55568
348 -0.55565
349 -0.55564
350 -0.55563
351 -0.55563
352 -0.55563
353 -0.55563
354 -0.55563
355 -0.55563
356 -0.55563
357 -0.55563
358 -0.55563
359 -0.55563
360 1.8395
361 2.3022
362 1.892
363 1.2573
364 0.70726
365 0.33609
366 0.13005
367 0.038572
368 0.011371
369 0.0123
370 0.020582
371 0.026949
372 0.028933
373 0.027231
374 0.023453
375 0.01903
376 0.014872
377 0.011403
378 0.0087249
379 0.0067809
380 0.005466
381 0.0046735
382 0.0042819
383 0.0040887
384 0.0037067
385 0.0024541
386 0.0012466
387 0.00041209
388 -3.7002e-05
389 -0.00020969
390 -0.0036392
391 -0.0032179
392 -0.0015909
393 -8.9305e-05
394 0.00083983
395 0.0012116
396 0.0012088
397 0.0010214
398 0.00078444
399 0.00057078
400 0.00040684
