1 0
2 0
3 0
4 0
5 0
6 0
7 0
8 0
9 0
10 0.27828
11 0.48605
12 0.63384
13 0.73178
14 0.78926
15 0.81477
16 0.81584
17 0.79892
18 0.7695
19 0.73206
20 0.69025
21 0.64687
22 0.60409
23 0.56343
24 0.52594
25 0.49228
26 0.46276
27 0.43745
28 0.41623
29 0.39885
30 0.38499
31 0.37425
32 0.36623
33 0.36053
34 0.35674
35 0.35452
36 0.35354
37 0.35349
38 0.35414
39 0.35527
40 0.35672
41 0.35833
42 0.36
43 0.36165
44 0.36321
45 0.36466
46 0.36596
47 0.3671
48 0.36807
49 0.36889
50 0.36956
51 0.3701
52 0.37051
53 0.37082
54 0.37104
55 0.37119
56 0.37127
57 0.37131
58 0.37131
59 0.37129
60 0.37124
61 0.37119
62 0.37113
63 0.37106
64 0.371
65 0.37094
66 0.37088
67 0.37083
68 0.37079
69 0.37075
70 0.37072
71 0.37069
72 0.37067
73 0.37066
74 0.37064
75 0.37064
76 0.37063
77 0.37063
78 0.37063
79 0.37063
80 0.37063
81 0.37063
82 0.37063
83 0.37063
84 0.37064
85 0.37064
86 0.37064
87 0.37064
88 0.37064
89 0.37065
90 0.37065
91 0.37065
92 0.37065
93 0.37065
94 0.37065
95 0.37065
96 0.37065
97 0.37065
98 0.37065
99 0.37065
100 0.37065
101 0.37065
102 0.37065
103 0.37065
104 0.37065
105 0.37065
106 0.37065
107 0.37065
108 0.37065
109 0.37065
110 0.92721
111 1.3427
112 1.6383
113 1.8342
114 1.9492
115 2.0002
116 2.0023
117 1.9685
118 1.9096
119 1.8348
120 1.7511
121 1.6644
122 1.5788
123 1.4975
124 1.4225
125 1.3552
126 1.2962
127 1.2455
128 1.2031
129 1.1684
130 1.1406
131 1.1192
132 1.1031
133 1.0917
134 1.0841
135 1.0797
136 1.0777
137 1.0776
138 1.0789
139 1.0812
140 1.0841
141 1.0873
142 1.0906
143 1.0939
144 1.0971
145 1.1
146 1.1026
147 1.1048
148 1.1068
149 1.1084
150 1.1098
151 1.1108
152 1.1117
153 1.1123
154 1.1127
155 1.113
156 1.1132
157 1.1133
158 1.1133
159 1.1132
160 1.1131
161 1.113
162 1.1129
163 1.1128
164 1.1126
165 1.1125
166 1.1124
167 1.1123
168 1.1122
169 1.1122
170 1.1121
171 1.112
172 1.112
173 1.112
174 1.1119
175 1.1119
176 1.1119
177 1.1119
178 1.1119
179 1.1119
180 1.1119
181 1.1119
182 1.1119
183 1.1119
184 1.1119
185 1.112
186 1.112
187 1.112
188 1.112
189 1.112
190 1.112
191 1.112
192 1.112
193 1.112
194 1.112
195 1.112
196 1.112
197 1.112
198 1.112
199 1.112
200 1.112
201 1.1119
202 1.1119
203 1.1119
204 1.1119
205 1.1119
206 1.1119
207 1.1119
208 1.1119
209 1.1119
210 0.69451
211 0.38286
212 0.16117
213 0.014271
214 -0.07194
215 -0.11021
216 -0.11181
217 -0.086436
218 -0.042296
219 0.013855
220 0.076583
221 0.14164
222 0.20583
223 0.26682
224 0.32304
225 0.37353
226 0.41782
227 0.45579
228 0.48762
229 0.51368
230 0.53447
231 0.55058
232 0.56261
233 0.57116
234 0.57684
235 0.58017
236 0.58165
237 0.58172
238 0.58074
239 0.57904
240 0.57688
241 0.57446
242 0.57196
243 0.56948
244 0.56713
245 0.56496
246 0.56302
247 0.56131
248 0.55984
249 0.55862
250 0.55761
251 0.55681
252 0.55619
253 0.55572
254 0.55539
255 0.55517
256 0.55504
257 0.55499
258 0.55498
259 0.55502
260 0.55509
261 0.55517
262 0.55526
263 0.55536
264 0.55545
265 0.55554
266 0.55563
267 0.5557
268 0.55577
269 0.55582
270 0.55587
271 0.55591
272 0.55594
273 0.55597
274 0.55599
275 0.556
276 0.55601
277 0.55602
278 0.55603
279 0.55603
280 0.55604
281 0.55604
282 0.55605
283 0.55605
284 0.55606
285 0.55606
286 0.55606
287 0.55607
288 0.55607
289 0.55607
290 0.55608
291 0.55608
292 0.55607
293 0.55606
294 0.55605
295 0.55604
296 0.55603
297 0.55601
298 0.556
299 0.55598
300 0.55597
301 0.55596
302 0.55595
303 0.55594
304 0.55594
305 0.55593
306 0.55593
307 0.55593
308 0.55593
309 0.55594
310 0.13852
311 -0.17313
312 -0.39482
313 -0.54172
314 -0.62793
315 -0.6662
316 -0.66779
317 -0.64242
318 -0.59828
319 -0.54212
320 -0.4794
321 -0.41433
322 -0.35015
323 -0.28916
324 -0.23294
325 -0.18244
326 -0.13816
327 -0.10019
328 -0.068359
329 -0.042297
330 -0.021502
331 -0.005396
332 0.0066312
333 0.015189
334 0.020861
335 0.024192
336 0.025674
337 0.02574
338 0.024766
339 0.023067
340 0.020904
341 0.018487
342 0.01598
343 0.013506
344 0.011154
345 0.0089863
346 0.0070392
347 0.0053314
348 0.0038669
349 0.0026392
350 0.0016339
351 0.00083158
352 0.00021015
353 -0.00025396
354 -0.00058422
355 -0.00080318
356 -0.00093181
357 -0.00098905
358 -0.00099165
359 -0.00095407
360 -0.00088849
361 -0.00080497
362 -0.00071161
363 -0.00061473
364 -0.00051911
365 -0.00042823
366 -0.00034445
367 -0.00026921
368 -0.00020328
369 -0.00014683
370 -9.9656e-05
371 -6.1242e-05
372 -3.0895e-05
373 -7.8109e-06
374 8.859e-06
375 1.9961e-05
376 2.6308e-05
377 2.8652e-05
378 2.7679e-05
379 2.4003e-05
380 1.8172e-05
381 1.0672e-05
382 1.9494e-06
383 -7.5795e-06
384 -1.7503e-05
385 -2.7395e-05
386 -3.6861e-05
387 -4.5569e-05
388 -5.3263e-05
389 -5.9769e-05
390 -6.4996e-05
391 -6.7632e-05
392 -6.7151e-05
393 -6.3575e-05
394 -5.7287e-05
395 -4.8875e-05
396 -3.902e-05
397 -2.8405e-05
398 -1.7659e-05
399 -7.3214e-06
400 2.1805e-06
