1 0
2 0
3 0
4 0
5 0
6 0
7 0
8 0
9 0
10 1.9883
11 2.2733
12 1.8398
13 1.2602
14 0.79066
15 0.49559
16 0.34964
17 0.30096
18 0.30253
19 0.32246
20 0.34361
21 0.3592
22 0.36829
23 0.37237
24 0.3734
25 0.37301
26 0.37219
27 0.37145
28 0.37094
29 0.37067
30 0.37056
31 0.37055
32 0.37057
33 0.3706
34 0.37063
35 0.37064
36 0.37065
37 0.37065
38 0.37065
39 0.37065
40 0.37065
41 0.37065
42 0.37065
43 0.37065
44 0.37065
45 0.37065
46 0.37065
47 0.37065
48 0.37065
49 0.37065
50 0.37065
51 0.37065
52 0.37065
53 0.37065
54 0.37065
55 0.37065
56 0.37065
57 0.37065
58 0.37065
59 0.37065
60 0.37065
61 0.37065
62 0.37065
63 0.37065
64 0.37065
65 0.37065
66 0.37065
67 0.37065
68 0.37065
69 0.37065
70 0.37065
71 0.37065
72 0.37065
73 0.37065
74 0.37065
75 0.37065
76 0.37065
77 0.37065
78 0.37065
79 0.37065
80 0.37065
81 0.37065
82 0.37065
83 0.37065
84 0.37065
85 0.37065
86 0.37065
87 0.37065
88 0.37065
89 0.37065
90 0.37065
91 0.37065
92 0.37065
93 0.37065
94 0.37065
95 0.37065
96 0.37065
97 0.37065
98 0.37065
99 0.37065
100 0.37065
101 0.37065
102 0.37065
103 0.37065
104 0.37065
105 0.37065
106 0.37065
107 0.37065
108 0.37065
109 0.37065
110 4.3473
111 4.9173
112 4.0502
113 2.8911
114 1.952
115 1.3618
116 1.0699
117 0.97257
118 0.97571
119 1.0156
120 1.0579
121 1.0891
122 1.1072
123 1.1154
124 1.1175
125 1.1167
126 1.115
127 1.1136
128 1.1125
129 1.112
130 1.1118
131 1.1117
132 1.1118
133 1.1119
134 1.1119
135 1.1119
136 1.112
137 1.112
138 1.112
139 1.112
140 1.112
141 1.112
142 1.112
143 1.112
144 1.112
145 1.112
146 1.112
147 1.112
148 1.112
149 1.112
150 1.112
151 1.112
152 1.112
153 1.112
154 1.112
155 1.112
156 1.112
157 1.112
158 1.112
159 1.112
160 1.112
161 1.112
162 1.112
163 1.112
164 1.112
165 1.112
166 1.112
167 1.112
168 1.112
169 1.112
170 1.112
171 1.112
172 1.112
173 1.112
174 1.112
175 1.112
176 1.112
177 1.1119
178 1.1119
179 1.1119
180 1.112
181 1.112
182 1.112
183 1.112
184 1.1121
185 1.1121
186 1.1121
187 1.1121
188 1.112
189 1.112
190 1.112
191 1.1119
192 1.1119
193 1.1118
194 1.1118
195 1.1119
196 1.1119
197 1.1119
198 1.1119
199 1.112
200 1.112
201 1.112
202 1.112
203 1.112
204 1.112
205 1.112
206 1.112
207 1.112
208 1.112
209 1.112
210 -1.8705
211 -2.2981
212 -1.6477
213 -0.77841
214 -0.074043
215 0.36857
216 0.5875
217 0.66051
218 0.65816
219 0.62826
220 0.59654
221 0.57315
222 0.55951
223 0.5534
224 0.55185
225 0.55244
226 0.55366
227 0.55478
228 0.55554
229 0.55595
230 0.55611
231 0.55613
232 0.5561
233 0.55605
234 0.55601
235 0.55599
236 0.55597
237 0.55597
238 0.55597
239 0.55597
240 0.55597
241 0.55598
242 0.55598
243 0.55598
244 0.55598
245 0.55598
246 0.55598
247 0.55598
248 0.55598
249 0.55598
250 0.55598
251 0.55598
252 0.55598
253 0.55598
254 0.55598
255 0.55598
256 0.55598
257 0.55598
258 0.55598
259 0.55598
260 0.55598
261 0.55598
262 0.55598
263 0.55598
264 0.55598
265 0.55598
266 0.55598
267 0.55598
268 0.55598
269 0.55598
270 0.55598
271 0.55598
272 0.55598
273 0.55598
274 0.55598
275 0.55597
276 0.55597
277 0.55597
278 0.55597
279 0.55597
280 0.55598
281 0.556
282 0.55604
283 0.5561
284 0.55617
285 0.55622
286 0.55622
287 0.55618
288 0.55613
289 0.55609
290 0.55605
291 0.55594
292 0.55583
293 0.55576
294 0.55576
295 0.5558
296 0.55586
297 0.55592
298 0.55596
299 0.55598
300 0.55599
301 0.55599
302 0.55599
303 0.55598
304 0.55598
305 0.55598
306 0.55598
307 0.55598
308 0.55598
309 0.55598
310 -2.4265
311 -2.854
312 -2.2037
313 -1.3344
314 -0.63002
315 -0.1874
316 0.031522
317 0.10453
318 0.10218
319 0.072287
320 0.040566
321 0.01717
322 0.0035352
323 -0.0025738
324 -0.0041301
325 -0.0035401
326 -0.002314
327 -0.0011979
328 -0.00043993
329 -3.1262e-05
330 0.00013059
331 0.00015407
332 0.0001191
333 7.2166e-05
334 3.409e-05
335 1.0145e-05
336 -1.7084e-06
337 -5.6673e-06
338 -5.545e-06
339 -3.9286e-06
340 -2.2109e-06
341 -9.4246e-07
342 -2.0192e-07
343 1.3111e-07
344 2.1731e-07
345 1.8688e-07
346 1.2162e-07
347 6.1991e-08
348 2.149e-08
349 -2.8973e-10
350 -8.8297e-09
351 -9.9184e-09
352 -7.7766e-09
353 -4.7869e-09
354 -1.9238e-09
355 6.4326e-10
356 3.0246e-09
357 5.2582e-09
358 7.1632e-09
359 8.4025e-09
360 8.6931e-09
361 7.9132e-09
362 6.0456e-09
363 3.066e-09
364 -1.0602e-09
365 -6.1232e-09
366 -1.1068e-08
367 -1.4538e-08
368 -1.5683e-08
369 -1.4525e-08
370 -1.1786e-08
371 -1.8391e-07
372 -4.1126e-07
373 -4.026e-07
374 1.0291e-07
375 1.2334e-06
376 2.9852e-06
377 5.11e-06
378 6.8009e-06
379 6.2342e-06
380 1.6923e-07
381 -1.5974e-05
382 -4.6844e-05
383 -9.3713e-05
384 -0.00014782
385 -0.00018027
386 -0.00018012
387 -0.00015453
388 -0.00011791
389 -8.2977e-05
390 -5.6878e-05
391 2.4401e-05
392 0.00011221
393 0.00016262
394 0.0001651
395 0.00013313
396 8.7461e-05
397 4.4759e-05
398 1.3691e-05
399 -4.1259e-06
400 -1.1243e-05
