1 0
2 0
3 0
4 0
5 0
6 0
7 0
8 0
9 0
10 1.9883
11 2.2733
12 1.8398
13 1.2602
14 0.79066
15 0.49559
16 0.34964
17 0.30096
18 0.30253
19 0.32246
20 0.34361
21 0.3592
22 0.36829
23 0.37237
24 0.3734
25 0.37301
26 0.37219
27 0.37145
28 0.37094
29 0.37067
30 0.37056
31 0.37055
32 0.37057
33 0.3706
34 0.37063
35 0.37064
36 0.37065
37 0.37065
38 0.37065
39 0.37065
40 0.37065
41 0.37065
42 0.37065
43 0.37065
44 0.37065
45 0.37065
46 0.37065
47 0.37065
48 0.37065
49 0.37065
50 0.37065
51 0.37065
52 0.37065
53 0.37065
54 0.37065
55 0.37065
56 0.37065
57 0.37065
58 0.37065
59 0.37065
60 -2.0245
61 -2.4873
62 -2.0771
63 -1.4422
64 -0.89203
65 -0.52064
66 -0.31436
67 -0.22272
68 -0.19568
69 -0.1975
70 -0.20798
71 -0.21837
72 -0.22625
73 -0.23093
74 -0.23003
75 -0.21689
76 -0.20291
77 -0.19258
78 -0.18655
79 -0.18385
80 -0.14452
81 -0.14726
82 -0.16377
83 -0.17977
84 -0.19026
85 -0.1951
86 -0.19596
87 -0.19469
88 -0.19268
89 -0.19071
90 -0.18912
91 -0.18797
92 -0.18718
93 -0.18665
94 -0.18629
95 -0.18603
96 -0.18584
97 -0.18568
98 -0.18555
99 -0.18544
100 -0.18535
101 -0.18527
102 -0.18521
103 -0.18516
104 -0.18513
105 -0.1851
106 -0.18507
107 -0.18505
108 -0.18504
109 -0.18503
110 3.7916
111 4.3617
112 3.4945
113 2.3355
114 1.3963
115 0.80618
116 0.51428
117 0.41693
118 0.42007
119 0.45993
120 0.50223
121 0.53342
122 0.55161
123 0.55975
124 0.56183
125 0.56104
126 0.55941
127 0.55792
128 0.55691
129 0.55636
130 0.55615
131 0.55612
132 0.55616
133 0.55622
134 0.55628
135 0.55631
136 0.55632
137 0.55633
138 0.55633
139 0.55633
140 0.55632
141 0.55632
142 0.55632
143 0.55632
144 0.55632
145 0.55632
146 0.55632
147 0.55632
148 0.55632
149 0.55632
150 0.55632
151 0.55632
152 0.55632
153 0.55632
154 0.55632
155 0.55632
156 0.55632
157 0.55632
158 0.55632
159 0.55632
160 2.9515
161 3.4142
162 3.0041
163 2.3692
164 1.819
165 1.4476
166 1.2413
167 1.1497
168 1.1227
169 1.1245
170 1.135
171 1.1453
172 1.1532
173 1.1579
174 1.157
175 1.1439
176 1.1299
177 1.1196
178 1.1135
179 1.1108
180 1.0715
181 1.0742
182 1.0908
183 1.1068
184 1.1173
185 1.1222
186 1.1231
187 1.1218
188 1.1197
189 1.1177
190 1.1161
191 1.1149
192 1.1141
193 1.1135
194 1.1132
195 1.1129
196 1.1127
197 1.1126
198 1.1125
199 1.1124
200 1.1123
201 1.1123
202 1.1122
203 1.1121
204 1.1121
205 1.1121
206 1.112
207 1.112
208 1.112
209 1.112
210 -1.8705
211 -2.298
212 -1.6477
213 -0.77839
214 -0.074028
215 0.36858
216 0.58751
217 0.66052
218 0.65817
219 0.62827
220 0.59655
221 0.57315
222 0.55951
223 0.5534
224 0.55185
225 0.55244
226 0.55367
227 0.55478
228 0.55554
229 0.55595
230 0.55611
231 0.55612
232 0.55606
233 0.55597
234 0.55589
235 0.55583
236 0.55581
237 0.55583
238 0.55585
239 0.55588
240 0.55591
241 0.55598
242 0.55605
243 0.5561
244 0.55611
245 0.55609
246 0.55606
247 0.55602
248 0.556
249 0.55598
250 0.55597
251 0.55597
252 0.55597
253 0.55598
254 0.55598
255 0.55598
256 0.55598
257 0.55598
258 0.55598
259 0.55598
260 -1.8392
261 -2.3019
262 -1.8918
263 -1.2569
264 -0.70671
265 -0.33531
266 -0.12903
267 -0.037396
268 -0.010355
269 -0.012177
270 -0.022656
271 -0.033048
272 -0.04092
273 -0.045609
274 -0.044703
275 -0.03157
276 -0.01759
277 -0.0072638
278 -0.0012375
279 0.0014697
280 0.040808
281 0.038083
282 0.02162
283 0.0056831
284 -0.0047402
285 -0.0095366
286 -0.010395
287 -0.0091621
288 -0.0071975
289 -0.0052751
290 -0.0037193
291 -0.0026731
292 -0.0020014
293 -0.001541
294 -0.0011847
295 -0.00088415
296 -0.00062612
297 -0.00041057
298 -0.00023794
299 -0.00010496
300 -5.1436e-06
301 6.9168e-05
302 0.00012505
303 0.00016804
304 0.00020202
305 0.00022947
306 0.00025189
307 0.00027025
308 0.00028522
309 0.00029732
310 -2.9821
311 -3.4097
312 -2.7593
313 -1.89
314 -1.1857
315 -0.74305
316 -0.52412
317 -0.4511
318 -0.45345
319 -0.48335
320 -0.51507
321 -0.53846
322 -0.5521
323 -0.55821
324 -0.55976
325 -0.55917
326 -0.55795
327 -0.55684
328 -0.55608
329 -0.55567
330 -0.5555
331 -0.55547
332 -0.55548
333 -0.55548
334 -0.55547
335 -0.55547
336 -0.55547
337 -0.55549
338 -0.55552
339 -0.55555
340 -0.55557
341 -0.55563
342 -0.55571
343 -0.55576
344 -0.55577
345 -0.55575
346 -0.55571
347 -0.55568
348 -0.55565
349 -0.55564
350 -0.55563
351 -0.55563
352 -0.55563
353 -0.55563
354 -0.55564
355 -0.55564
356 -0.55564
357 -0.55564
358 -0.55563
359 -0.55563
360 1.8395
361 2.3023
362 1.8921
363 1.2572
364 0.70705
365 0.33566
366 0.12937
367 0.03774
368 0.010699
369 0.012522
370 0.023
371 0.033393
372 0.041264
373 0.045953
374 0.045047
375 0.031914
376 0.017934
377 0.0076065
378 0.0015797
379 -0.0011273
380 -0.040463
381 -0.037733
382 -0.02126
383 -0.0053074
384 0.005134
385 0.0099411
386 0.010799
387 0.0095581
388 0.0075813
389 0.0056472
390 0.0040827
391 0.0030094
392 0.0023085
393 0.0018313
394 0.0014742
395 0.0011842
396 0.00094143
397 0.00074012
398 0.00057784
399 0.0004508
400 0.00035336
