1 0
2 0
3 0
4 0
5 0
6 0
7 0
8 0
9 0
10 1.9883
11 2.2733
12 1.8398
13 1.2602
14 0.79066
15 0.49559
16 0.34964
17 0.30096
18 0.30253
19 0.32246
20 0.34361
21 0.3592
22 0.36829
23 0.37237
24 0.3734
25 0.37301
26 0.37219
27 0.37145
28 0.37094
29 0.37067
30 0.37056
31 0.37055
32 0.37057
33 0.3706
34 0.37063
35 0.37064
36 0.37065
37 0.37065
38 0.37065
39 0.37065
40 0.37065
41 0.37065
42 0.37065
43 0.37065
44 0.37065
45 0.37065
46 0.37065
47 0.37065
48 0.37065
49 0.37065
50 0.37065
51 0.37065
52 0.37065
53 0.37065
54 0.37065
55 0.37065
56 0.37065
57 0.37065
58 0.37065
59 0.37065
60 0.37065
61 0.37065
62 -0.23566
63 -0.80563
64 -1.1275
65 -1.2072
66 -1.1275
67 -0.97402
68 -0.80723
69 -0.65949
70 -0.54227
71 -0.45495
72 -0.39182
73 -0.34629
74 -0.31278
75 -0.28733
76 -0.26737
77 -0.25134
78 -0.23832
79 -0.22772
80 -0.21912
81 -0.21219
82 -0.20663
83 -0.2022
84 -0.19868
85 -0.19588
86 -0.19366
87 -0.19189
88 -0.19049
89 -0.18937
90 -0.18848
91 -0.18777
92 -0.1872
93 -0.18675
94 -0.18639
95 -0.1861
96 -0.18588
97 -0.18569
98 -0.18555
99 -0.18543
100 -0.18534
101 -0.18527
102 -0.18521
103 -0.18516
104 -0.18513
105 -0.1851
106 -0.18507
107 -0.18505
108 -0.18504
109 -0.18503
110 3.7916
111 4.3617
112 3.4945
113 2.3355
114 1.3963
115 0.80618
116 0.51428
117 0.41693
118 0.42007
119 0.45993
120 0.50223
121 0.53342
122 0.55161
123 0.55975
124 0.56183
125 0.56104
126 0.55941
127 0.55792
128 0.55691
129 0.55636
130 0.55615
131 0.55612
132 0.55616
133 0.55622
134 0.55628
135 0.55631
136 0.55632
137 0.55633
138 0.55633
139 0.55633
140 0.55632
141 0.55632
142 0.55632
143 0.55632
144 0.55632
145 0.55632
146 0.55632
147 0.55632
148 0.55632
149 0.55632
150 0.55632
151 0.55632
152 0.55632
153 0.55632
154 0.55632
155 0.55632
156 0.55632
157 0.55632
158 0.55632
159 0.55632
160 0.55632
161 0.55632
162 1.1626
163 1.7326
164 2.0545
165 2.1342
166 2.0545
167 1.901
168 1.7342
169 1.5865
170 1.4692
171 1.3819
172 1.3188
173 1.2733
174 1.2398
175 1.2143
176 1.1943
177 1.1783
178 1.1653
179 1.1547
180 1.1461
181 1.1392
182 1.1336
183 1.1292
184 1.1257
185 1.123
186 1.1207
187 1.119
188 1.1175
189 1.1164
190 1.1155
191 1.1147
192 1.1141
193 1.1136
194 1.1133
195 1.113
196 1.1128
197 1.1126
198 1.1125
199 1.1124
200 1.1123
201 1.1122
202 1.1122
203 1.1121
204 1.1121
205 1.1121
206 1.112
207 1.112
208 1.112
209 1.112
210 -1.8705
211 -2.298
212 -1.6477
213 -0.77839
214 -0.074028
215 0.36858
216 0.58751
217 0.66052
218 0.65817
219 0.62827
220 0.59655
221 0.57315
222 0.55951
223 0.5534
224 0.55185
225 0.55244
226 0.55366
227 0.55478
228 0.55554
229 0.55595
230 0.55611
231 0.55613
232 0.5561
233 0.55605
234 0.556
235 0.55596
236 0.55592
237 0.55589
238 0.55587
239 0.55586
240 0.55586
241 0.55587
242 0.55588
243 0.55591
244 0.55594
245 0.55598
246 0.55601
247 0.55603
248 0.55604
249 0.55604
250 0.55603
251 0.55602
252 0.55601
253 0.556
254 0.55599
255 0.55599
256 0.55598
257 0.55598
258 0.55598
259 0.55598
260 0.55598
261 0.55598
262 -0.050334
263 -0.6203
264 -0.94217
265 -1.0219
266 -0.94218
267 -0.78869
268 -0.6219
269 -0.47417
270 -0.35694
271 -0.26962
272 -0.2065
273 -0.16096
274 -0.12746
275 -0.102
276 -0.082043
277 -0.06602
278 -0.053005
279 -0.042405
280 -0.033799
281 -0.026844
282 -0.021245
283 -0.01675
284 -0.013154
285 -0.010312
286 -0.0080904
287 -0.0063592
288 -0.0050039
289 -0.0039325
290 -0.0030766
291 -0.002475
292 -0.002026
293 -0.001642
294 -0.0012856
295 -0.0009564
296 -0.00066712
297 -0.00042823
298 -0.00024185
299 -0.00010261
300 -1.1241e-06
301 7.2671e-05
302 0.00012736
303 0.00016925
304 0.00020248
305 0.00022951
306 0.00025177
307 0.0002701
308 0.0002851
309 0.00029724
310 -2.9821
311 -3.4097
312 -2.7593
313 -1.89
314 -1.1857
315 -0.74305
316 -0.52412
317 -0.4511
318 -0.45345
319 -0.48335
320 -0.51507
321 -0.53846
322 -0.5521
323 -0.55821
324 -0.55976
325 -0.55917
326 -0.55795
327 -0.55683
328 -0.55607
329 -0.55567
330 -0.5555
331 -0.55548
332 -0.55552
333 -0.55556
334 -0.55559
335 -0.55559
336 -0.55558
337 -0.55556
338 -0.55554
339 -0.55553
340 -0.55552
341 -0.55553
342 -0.55554
343 -0.55556
344 -0.5556
345 -0.55564
346 -0.55567
347 -0.55569
348 -0.5557
349 -0.55569
350 -0.55568
351 -0.55567
352 -0.55566
353 -0.55565
354 -0.55565
355 -0.55564
356 -0.55564
357 -0.55564
358 -0.55564
359 -0.55564
360 -0.55564
361 -0.55563
362 0.050678
363 0.62065
364 0.94251
365 1.0222
366 0.94252
367 0.78904
368 0.62224
369 0.47451
370 0.35728
371 0.26996
372 0.20684
373 0.16131
374 0.1278
375 0.10235
376 0.082387
377 0.066363
378 0.053347
379 0.042748
380 0.034143
381 0.027194
382 0.021605
383 0.017126
384 0.013548
385 0.010717
386 0.0084949
387 0.0067552
388 0.0053876
389 0.0043046
390 0.00344
391 0.0028113
392 0.0023331
393 0.0019323
394 0.0015751
395 0.0012565
396 0.00098243
397 0.00075778
398 0.00058176
399 0.00044846
400 0.00034934
