1 0
2 0
3 0
4 0
5 0
6 0
7 0
8 0
9 0
10 0.78141
11 1.1874
12 1.3311
13 1.307
14 1.1885
15 1.0288
16 0.86293
17 0.71209
18 0.58676
19 0.49016
20 0.42097
21 0.37534
22 0.34843
23 0.33535
24 0.33172
25 0.33397
26 0.33936
27 0.34598
28 0.35255
29 0.35838
30 0.36311
31 0.36669
32 0.36921
33 0.37082
34 0.37173
35 0.37214
36 0.37221
37 0.37208
38 0.37184
39 0.37157
40 0.37131
41 0.37109
42 0.37091
43 0.37078
44 0.37069
45 0.37063
46 0.3706
47 0.37059
48 0.37059
49 0.3706
50 0.37061
51 0.37062
52 0.37063
53 0.37064
54 0.37064
55 0.37065
56 0.37065
57 0.37065
58 0.37065
59 0.37065
60 0.37065
61 0.37065
62 0.37065
63 0.37065
64 0.37065
65 0.37065
66 0.37065
67 0.37065
68 0.37065
69 0.37065
70 0.37065
71 0.37065
72 0.37065
73 0.37065
74 0.37065
75 0.37065
76 0.37065
77 0.37065
78 0.37065
79 0.37065
80 0.37065
81 0.37065
82 0.37065
83 0.37065
84 0.37065
85 0.37065
86 0.37065
87 0.37065
88 0.37065
89 0.37065
90 0.37065
91 0.37065
92 0.37065
93 0.37065
94 0.37065
95 0.37065
96 0.37065
97 0.37065
98 0.37065
99 0.37065
100 0.37065
101 0.37065
102 0.37065
103 0.37065
104 0.37065
105 0.37065
106 0.37065
107 0.37065
108 0.37065
109 0.37065
110 1.9335
111 2.7455
112 3.0328
113 2.9846
114 2.7477
115 2.4282
116 2.0965
117 1.7948
118 1.5442
119 1.351
120 1.2126
121 1.1213
122 1.0675
123 1.0413
124 1.0341
125 1.0386
126 1.0494
127 1.0626
128 1.0758
129 1.0874
130 1.0969
131 1.104
132 1.1091
133 1.1123
134 1.1141
135 1.1149
136 1.1151
137 1.1148
138 1.1143
139 1.1138
140 1.1133
141 1.1128
142 1.1125
143 1.1122
144 1.112
145 1.1119
146 1.1119
147 1.1118
148 1.1118
149 1.1118
150 1.1119
151 1.1119
152 1.1119
153 1.1119
154 1.1119
155 1.1119
156 1.112
157 1.112
158 1.112
159 1.112
160 1.112
161 1.112
162 1.112
163 1.112
164 1.112
165 1.112
166 1.112
167 1.112
168 1.112
169 1.112
170 1.112
171 1.112
172 1.112
173 1.112
174 1.112
175 1.112
176 1.112
177 1.112
178 1.112
179 1.112
180 1.112
181 1.112
182 1.112
183 1.112
184 1.112
185 1.112
186 1.112
187 1.112
188 1.112
189 1.112
190 1.112
191 1.112
192 1.112
193 1.112
194 1.1119
195 1.1119
196 1.1119
197 1.1119
198 1.1119
199 1.1119
200 1.1119
201 1.1119
202 1.1119
203 1.1119
204 1.1119
205 1.1119
206 1.112
207 1.112
208 1.112
209 1.112
210 -0.060158
211 -0.66921
212 -0.88468
213 -0.8485
214 -0.67084
215 -0.43119
216 -0.18243
217 0.043821
218 0.23182
219 0.37671
220 0.4805
221 0.54895
222 0.58931
223 0.60893
224 0.61437
225 0.611
226 0.60291
227 0.59299
228 0.58312
229 0.57439
230 0.56728
231 0.56191
232 0.55814
233 0.55572
234 0.55435
235 0.55374
236 0.55364
237 0.55384
238 0.55419
239 0.5546
240 0.55498
241 0.55532
242 0.55559
243 0.55578
244 0.55592
245 0.55601
246 0.55605
247 0.55607
248 0.55607
249 0.55606
250 0.55604
251 0.55603
252 0.55601
253 0.556
254 0.55599
255 0.55598
256 0.55598
257 0.55597
258 0.55597
259 0.55597
260 0.55597
261 0.55597
262 0.55597
263 0.55597
264 0.55598
265 0.55598
266 0.55598
267 0.55598
268 0.55598
269 0.55598
270 0.55597
271 0.55597
272 0.55597
273 0.55597
274 0.55597
275 0.55597
276 0.55597
277 0.55597
278 0.55598
279 0.55599
280 0.556
281 0.55601
282 0.55603
283 0.55605
284 0.55608
285 0.5561
286 0.55612
287 0.55612
288 0.55613
289 0.55612
290 0.55611
291 0.55609
292 0.55605
293 0.556
294 0.55595
295 0.55591
296 0.55589
297 0.55587
298 0.55587
299 0.55587
300 0.55589
301 0.5559
302 0.55592
303 0.55594
304 0.55595
305 0.55596
306 0.55597
307 0.55598
308 0.55598
309 0.55598
310 -0.61613
311 -1.2252
312 -1.4406
313 -1.4045
314 -1.2268
315 -0.98716
316 -0.73841
317 -0.51215
318 -0.32416
319 -0.17927
320 -0.075476
321 -0.0070312
322 0.033334
323 0.052955
324 0.058392
325 0.05502
326 0.046929
327 0.037013
328 0.027148
329 0.018414
330 0.011308
331 0.0059367
332 0.0021681
333 -0.0002532
334 -0.0016251
335 -0.0022371
336 -0.0023413
337 -0.0021403
338 -0.0017852
339 -0.0013806
340 -0.0009926
341 -0.00065743
342 -0.00039024
343 -0.00019218
344 -5.6198e-05
345 2.8709e-05
346 7.4606e-05
347 9.2821e-05
348 9.2996e-05
349 8.272e-05
350 6.7547e-05
351 5.1235e-05
352 3.6084e-05
353 2.3295e-05
354 1.3298e-05
355 6.0284e-06
356 1.1447e-06
357 -1.8177e-06
358 -3.3426e-06
359 -3.87e-06
360 -3.7651e-06
361 -3.3078e-06
362 -2.6956e-06
363 -2.0542e-06
364 -1.4512e-06
365 -9.0981e-07
366 -4.2206e-07
367 3.9511e-08
368 5.1138e-07
369 1.0292e-06
370 1.6176e-06
371 2.2791e-06
372 2.9814e-06
373 3.6431e-06
374 4.1182e-06
375 4.1815e-06
376 3.5175e-06
377 1.7184e-06
378 -1.7029e-06
379 -7.2753e-06
380 -1.5497e-05
381 -2.6718e-05
382 -4.0964e-05
383 -5.7691e-05
384 -7.5483e-05
385 -9.1683e-05
386 -0.00010397
387 -0.00011099
388 -0.00011251
389 -0.00010914
390 -0.00010204
391 -8.2439e-05
392 -5.1811e-05
393 -1.5891e-05
394 1.9043e-05
395 4.8104e-05
396 6.8488e-05
397 7.9402e-05
398 8.1608e-05
399 7.6835e-05
400 6.7239e-05
