1 0
2 0
3 0
4 0
5 0
6 0
7 0
8 0
9 0
10 0
11 0
12 0
13 0
14 0
15 0
16 0
17 0.28397
18 0.59362
19 0.82494
20 0.96126
21 1.0233
22 1.0399
23 1.0348
24 1.023
25 1.0121
26 1.0045
27 1.0004
28 0.99877
29 0.9985
30 0.99882
31 0.99928
32 0.99965
33 0.99989
34 1
35 1.0001
36 1.0001
37 1
38 1
39 1
40 1
41 1
42 1
43 1
44 1
45 1
46 1
47 1
48 1
49 1
50 1
51 1
52 1
53 1
54 1
55 1
56 1
57 1
58 1
59 1
60 1
61 1
62 1.3049
63 1.5479
64 1.7414
65 1.8956
66 2.0185
67 1.7743
68 1.4622
69 1.2134
70 1.0592
71 0.98429
72 0.96043
73 0.96258
74 0.97393
75 0.98554
76 0.99389
77 0.99839
78 0.99965
79 0.99852
80 0.99581
81 0.99261
82 0.99084
83 0.99067
84 0.9916
85 0.99303
86 0.99453
87 1.0014
88 1.0073
89 1.0104
90 1.011
91 1.01
92 1.0083
93 1.0064
94 1.0049
95 1.0036
96 1.0027
97 1.0021
98 1.0016
99 1.0013
100 1.001
101 1.0008
102 1.0006
103 1.0005
104 1.0004
105 1.0003
106 1.0002
107 1.0002
108 1.0001
109 1.0001
110 1.0001
111 1
112 1
113 1
114 1
115 0.99999
116 0.99999
117 1.5679
118 2.1872
119 2.6499
120 2.9225
121 3.0466
122 3.0798
123 3.0696
124 3.046
125 3.0241
126 3.009
127 3.0008
128 2.9975
129 2.997
130 2.9976
131 2.9985
132 2.9993
133 2.9998
134 3
135 3.0001
136 3.0001
137 3.0001
138 3
139 3
140 3
141 3
142 3
143 3
144 3
145 3
146 3
147 3
148 3
149 3
150 3
151 3
152 3
153 3
154 3
155 3
156 3
157 3
158 3
159 3
160 3
161 3
162 2.6951
163 2.4521
164 2.2586
165 2.1044
166 1.9815
167 2.2257
168 2.5378
169 2.7865
170 2.9408
171 3.0157
172 3.0396
173 3.0374
174 3.0261
175 3.0145
176 3.0061
177 3.0016
178 3.0003
179 3.0015
180 3.0042
181 3.0074
182 3.0092
183 3.0093
184 3.0084
185 3.007
186 3.0055
187 2.9986
188 2.9927
189 2.9896
190 2.989
191 2.99
192 2.9918
193 2.9936
194 2.9952
195 2.9964
196 2.9974
197 2.998
198 2.9985
199 2.9988
200 2.9991
201 2.9992
202 2.9994
203 2.9995
204 2.9996
205 2.9997
206 2.9998
207 2.9998
208 2.9999
209 2.9999
210 2.9999
211 3
212 3
213 3
214 3
215 3
216 3
217 2.5741
218 2.1096
219 1.7626
220 1.5581
221 1.4651
222 1.4402
223 1.4478
224 1.4655
225 1.4819
226 1.4932
227 1.4994
228 1.5019
229 1.5023
230 1.5018
231 1.5011
232 1.5005
233 1.5002
234 1.5
235 1.4999
236 1.4999
237 1.5
238 1.5
239 1.5
240 1.5
241 1.5
242 1.5
243 1.4999
244 1.4999
245 1.4999
246 1.4999
247 1.4999
248 1.4999
249 1.4999
250 1.4999
251 1.5
252 1.5
253 1.5
254 1.5
255 1.5
256 1.5
257 1.5
258 1.5
259 1.5
260 1.5
261 1.5
262 1.8049
263 2.0479
264 2.2414
265 2.3956
266 2.5185
267 2.2743
268 1.9622
269 1.7135
270 1.5592
271 1.4843
272 1.4604
273 1.4626
274 1.4739
275 1.4855
276 1.4939
277 1.4984
278 1.4997
279 1.4985
280 1.4958
281 1.4926
282 1.4908
283 1.4907
284 1.4916
285 1.493
286 1.4945
287 1.5014
288 1.5073
289 1.5104
290 1.511
291 1.51
292 1.5083
293 1.5066
294 1.505
295 1.5038
296 1.5029
297 1.5022
298 1.5018
299 1.5014
300 1.5011
301 1.5008
302 1.5006
303 1.5005
304 1.5004
305 1.5003
306 1.5002
307 1.5002
308 1.5001
309 1.5001
310 1.5001
311 1.5
312 1.5
313 1.5
314 1.5
315 1.5
316 1.5
317 1.074
318 0.60956
319 0.26256
320 0.058083
321 -0.034972
322 -0.059887
323 -0.052215
324 -0.034522
325 -0.018101
326 -0.0068189
327 -0.00066452
328 0.0018227
329 0.002231
330 0.0017452
331 0.0010629
332 0.00050078
333 0.00014337
334 -3.5963e-05
335 -9.7758e-05
336 -9.7873e-05
337 -7.4183e-05
338 -4.6518e-05
339 -2.1661e-05
340 8.1878e-07
341 2.3356e-05
342 4.5693e-05
343 6.5871e-05
344 8.2063e-05
345 9.3532e-05
346 0.00010066
347 0.0001045
348 9.8715e-05
349 8.2595e-05
350 6.0566e-05
351 3.8341e-05
352 2.0088e-05
353 7.5334e-06
354 3.9145e-07
355 -2.7082e-06
356 -3.3802e-06
357 -2.9632e-06
358 -2.3332e-06
359 -1.9392e-06
360 -1.9275e-06
361 -2.2607e-06
362 -0.30494
363 -0.54789
364 -0.74144
365 -0.89564
366 -1.0185
367 -0.77427
368 -0.46218
369 -0.21345
370 -0.059221
371 0.015711
372 0.039566
373 0.037423
374 0.026071
375 0.014459
376 0.0061122
377 0.0016084
378 0.0003446
379 0.0014809
380 0.00419
381 0.0073937
382 0.0091636
383 0.0093302
384 0.0084013
385 0.00697
386 0.0054742
387 -0.001364
388 -0.0072939
389 -0.010433
390 -0.011027
391 -0.010021
392 -0.0083173
393 -0.0065315
394 -0.0049775
395 -0.0037562
396 -0.0028504
397 -0.0021957
398 -0.0017128
399 -0.0013428
400 -0.0010503
