1 0
2 0
3 0
4 0
5 0
6 0
7 0
8 0
9 0
10 0
11 0
12 0
13 0
14 0
15 0
16 0
17 0.28397
18 0.59362
19 0.82494
20 0.96126
21 1.0233
22 1.0399
23 1.0348
24 1.023
25 1.0121
26 1.0045
27 1.0004
28 0.99877
29 0.9985
30 0.99882
31 0.99928
32 0.99965
33 0.99989
34 1
35 1.0001
36 1.0001
37 1
38 1
39 1
40 1
41 1
42 1
43 1
44 1
45 1
46 1
47 1
48 1
49 1
50 1
51 1
52 1
53 1
54 1
55 1
56 1
57 1
58 1
59 1
60 1
61 1
62 1.3049
63 1.5479
64 1.7414
65 1.8956
66 2.0185
67 1.7743
68 1.4622
69 1.2135
70 1.0592
71 0.98428
72 0.96036
73 0.96241
74 0.97365
75 0.98518
76 0.99358
77 0.99844
78 1.0006
79 1.0012
80 1.001
81 1.0006
82 1.0003
83 1
84 0.99994
85 0.99991
86 0.99991
87 0.9999
88 0.99985
89 0.99973
90 0.99954
91 0.99932
92 0.99923
93 0.99926
94 0.99938
95 0.99952
96 0.99966
97 1.0003
98 1.0008
99 1.001
100 1.0011
101 1.0009
102 1.0008
103 1.0006
104 1.0004
105 1.0003
106 1.0002
107 1.0002
108 1.0001
109 1.0001
110 1.0001
111 1
112 1
113 1
114 1
115 0.99999
116 0.99999
117 1.5679
118 2.1872
119 2.6499
120 2.9225
121 3.0466
122 3.0798
123 3.0696
124 3.046
125 3.0241
126 3.009
127 3.0008
128 2.9975
129 2.997
130 2.9976
131 2.9985
132 2.9993
133 2.9998
134 3
135 3.0001
136 3.0001
137 3.0001
138 3
139 3
140 3
141 3
142 3
143 3
144 3
145 3
146 3
147 3
148 3
149 3
150 3
151 3
152 3
153 3
154 3
155 3
156 3
157 3
158 3
159 3
160 3
161 3
162 2.6951
163 2.4521
164 2.2586
165 2.1044
166 1.9815
167 2.2257
168 2.5378
169 2.7865
170 2.9408
171 3.0157
172 3.0396
173 3.0376
174 3.0263
175 3.0148
176 3.0064
177 3.0016
178 2.9994
179 2.9988
180 2.999
181 2.9994
182 2.9997
183 3
184 3.0001
185 3.0001
186 3.0001
187 3.0001
188 3.0001
189 3.0003
190 3.0005
191 3.0007
192 3.0008
193 3.0008
194 3.0007
195 3.0006
196 3.0004
197 2.9998
198 2.9993
199 2.999
200 2.999
201 2.9991
202 2.9992
203 2.9994
204 2.9996
205 2.9997
206 2.9998
207 2.9998
208 2.9999
209 2.9999
210 2.9999
211 3
212 3
213 3
214 3
215 3
216 3
217 2.5741
218 2.1096
219 1.7626
220 1.5581
221 1.4651
222 1.4402
223 1.4478
224 1.4655
225 1.4819
226 1.4932
227 1.4994
228 1.5019
229 1.5023
230 1.5018
231 1.5011
232 1.5005
233 1.5002
234 1.5
235 1.4999
236 1.4999
237 1.5
238 1.5
239 1.5
240 1.5
241 1.5
242 1.5
243 1.4999
244 1.4999
245 1.4999
246 1.4999
247 1.4999
248 1.4999
249 1.4999
250 1.4999
251 1.5
252 1.5
253 1.5
254 1.5
255 1.5
256 1.5
257 1.5
258 1.5
259 1.5
260 1.5
261 1.5
262 1.8049
263 2.0479
264 2.2414
265 2.3956
266 2.5185
267 2.2743
268 1.9622
269 1.7135
270 1.5592
271 1.4843
272 1.4604
273 1.4624
274 1.4737
275 1.4852
276 1.4936
277 1.4984
278 1.5006
279 1.5012
280 1.501
281 1.5006
282 1.5003
283 1.5
284 1.4999
285 1.4999
286 1.4999
287 1.4999
288 1.4999
289 1.4997
290 1.4996
291 1.4994
292 1.4993
293 1.4994
294 1.4995
295 1.4997
296 1.4998
297 1.5004
298 1.5009
299 1.5012
300 1.5011
301 1.501
302 1.5008
303 1.5006
304 1.5004
305 1.5003
306 1.5002
307 1.5001
308 1.5001
309 1.5001
310 1.5001
311 1.5
312 1.5
313 1.5
314 1.5
315 1.5
316 1.5
317 1.074
318 0.60956
319 0.26256
320 0.058083
321 -0.034972
322 -0.059887
323 -0.052215
324 -0.034522
325 -0.018101
326 -0.0068189
327 -0.00066452
328 0.0018227
329 0.002231
330 0.0017452
331 0.0010629
332 0.00050078
333 0.00014337
334 -3.5963e-05
335 -9.7758e-05
336 -9.7873e-05
337 -7.4183e-05
338 -4.6518e-05
339 -2.1661e-05
340 8.1783e-07
341 2.3354e-05
342 4.5691e-05
343 6.587e-05
344 8.2065e-05
345 9.354e-05
346 0.00010068
347 0.00010453
348 9.875e-05
349 8.2627e-05
350 6.0575e-05
351 3.8294e-05
352 1.9945e-05
353 7.255e-06
354 -4.4697e-08
355 -3.2925e-06
356 -4.0643e-06
357 -3.6684e-06
358 -2.9611e-06
359 -2.3761e-06
360 -2.0491e-06
361 -1.9519e-06
362 -0.30494
363 -0.54789
364 -0.74144
365 -0.89564
366 -1.0185
367 -0.77427
368 -0.46219
369 -0.21347
370 -0.05924
371 0.015723
372 0.039639
373 0.037588
374 0.026347
375 0.014816
376 0.0064189
377 0.0015534
378 -0.00062781
379 -0.0012012
380 -0.0010241
381 -0.0006284
382 -0.00027393
383 -4.491e-05
384 6.466e-05
385 9.5171e-05
386 9.2804e-05
387 9.9073e-05
388 0.00014824
389 0.00026348
390 0.00044432
391 0.00064012
392 0.0007097
393 0.00065334
394 0.00052079
395 0.00036299
396 0.00021428
397 -0.00039612
398 -0.00089793
399 -0.001128
400 -0.0011211
