1 0
2 0
3 0
4 0
5 0
6 0
7 0
8 0
9 0
10 0
11 0
12 0
13 0
14 0
15 0
16 0
17 0.28397
18 0.59362
19 0.82494
20 0.96126
21 1.0233
22 1.0399
23 1.0348
24 1.023
25 1.0121
26 1.0045
27 1.0004
28 0.99877
29 0.9985
30 0.99882
31 0.99928
32 0.99965
33 0.99989
34 1
35 1.0001
36 1.0001
37 1
38 1
39 1
40 1
41 1
42 1
43 1
44 1
45 1
46 1
47 1
48 1
49 1
50 1
51 1
52 1
53 1
54 1
55 1
56 1
57 1
58 1
59 1
60 1
61 1
62 1
63 1
64 1
65 1
66 1
67 1
68 1
69 1
70 1
71 1
72 1
73 1
74 1
75 1
76 1
77 1
78 1
79 1
80 1
81 1
82 1
83 1
84 1
85 1
86 1
87 1
88 1
89 1
90 1
91 1
92 1
93 1
94 1
95 1
96 1
97 1
98 1
99 1
100 1
101 1
102 1
103 1
104 1
105 1
106 1
107 1
108 1
109 1
110 1
111 1
112 1
113 1
114 1
115 1
116 1
117 1.5679
118 2.1872
119 2.6499
120 2.9225
121 3.0466
122 3.0798
123 3.0696
124 3.046
125 3.0241
126 3.0091
127 3.0009
128 2.9975
129 2.997
130 2.9976
131 2.9986
132 2.9993
133 2.9998
134 3
135 3.0001
136 3.0001
137 3.0001
138 3
139 3
140 3
141 3
142 3
143 3
144 3
145 3
146 3
147 3
148 3
149 3
150 3
151 3
152 3
153 3
154 3
155 3
156 3
157 3
158 3
159 3
160 3
161 3
162 3
163 3
164 3
165 3
166 3
167 3
168 3
169 3
170 3
171 3
172 3
173 3
174 3
175 3
176 3
177 3
178 3
179 3
180 3
181 3
182 3
183 3
184 3
185 3
186 3
187 3
188 3
189 3
190 3
191 3
192 3
193 3.0001
194 3.0001
195 3.0001
196 3.0001
197 3.0001
198 3.0001
199 3.0001
200 3
201 3
202 3
203 3
204 3
205 3
206 3
207 3
208 3
209 3
210 3
211 3
212 3
213 3
214 3
215 3
216 3
217 2.574
218 2.1096
219 1.7626
220 1.5581
221 1.4651
222 1.4401
223 1.4478
224 1.4655
225 1.4819
226 1.4932
227 1.4994
228 1.5018
229 1.5023
230 1.5018
231 1.5011
232 1.5005
233 1.5002
234 1.5
235 1.4999
236 1.4999
237 1.4999
238 1.5
239 1.5
240 1.5
241 1.5
242 1.5
243 1.5
244 1.5
245 1.5
246 1.5
247 1.5
248 1.5
249 1.5
250 1.5
251 1.5
252 1.5
253 1.5
254 1.5
255 1.5
256 1.5
257 1.5
258 1.5
259 1.5
260 1.5
261 1.5
262 1.5
263 1.5
264 1.5
265 1.5
266 1.5
267 1.5
268 1.5
269 1.5
270 1.5
271 1.5
272 1.5
273 1.5
274 1.5
275 1.5
276 1.5
277 1.5
278 1.5
279 1.5
280 1.5
281 1.5
282 1.5
283 1.5
284 1.5
285 1.5
286 1.5
287 1.5
288 1.5
289 1.5
290 1.5
291 1.5001
292 1.5001
293 1.5001
294 1.5001
295 1.5002
296 1.5002
297 1.5002
298 1.5001
299 1.5001
300 1.5001
301 1.5
302 1.5
303 1.5
304 1.5
305 1.5
306 1.5
307 1.5
308 1.5
309 1.5
310 1.5
311 1.5
312 1.5
313 1.5
314 1.5
315 1.5
316 1.5
317 1.074
318 0.60958
319 0.26258
320 0.058106
321 -0.034949
322 -0.059863
323 -0.052192
324 -0.034499
325 -0.018078
326 -0.0067967
327 -0.00064301
328 0.0018435
329 0.0022509
330 0.0017642
331 0.001081
332 0.00051828
333 0.00016041
334 -1.9123e-05
335 -8.091e-05
336 -8.1067e-05
337 -5.8105e-05
338 -3.3009e-05
339 -1.424e-05
340 -3.1691e-06
341 1.8754e-06
342 3.2314e-06
343 2.8214e-06
344 1.8666e-06
345 9.7907e-07
346 3.6872e-07
347 3.5475e-08
348 -9.9383e-08
349 -1.2167e-07
350 -9.5474e-08
351 -5.8564e-08
352 -2.812e-08
353 -8.7409e-09
354 9.8994e-10
355 4.3371e-09
356 4.3294e-09
357 3.0488e-09
358 1.638e-09
359 5.7372e-10
360 -3.4257e-11
361 -2.227e-10
362 -5.1718e-11
363 4.3664e-10
364 1.2072e-09
365 2.2004e-09
366 3.3111e-09
367 4.399e-09
368 5.3135e-09
369 5.9094e-09
370 6.0454e-09
371 5.5827e-09
372 4.4195e-09
373 2.6103e-09
374 4.003e-10
375 -1.8572e-09
376 -3.8306e-09
377 -5.3088e-09
378 -3.1292e-08
379 -8.8371e-08
380 -1.4119e-07
381 -1.1902e-07
382 6.3438e-08
383 4.8643e-07
384 1.1905e-06
385 2.0988e-06
386 2.8781e-06
387 2.7499e-06
388 3.2295e-07
389 -6.3845e-06
390 -1.9431e-05
391 -3.9514e-05
392 -6.3169e-05
393 -8.555e-05
394 -0.00010309
395 -0.00011447
396 -0.00012026
397 -0.00012202
398 -0.00011208
399 -9.0118e-05
400 -6.2122e-05
