1 0
2 0
3 0
4 0
5 0
6 0
7 0
8 0
9 0
10 0
11 0
12 0
13 0
14 0
15 0
16 0
17 0.28397
18 0.59362
19 0.82494
20 0.96126
21 1.0233
22 1.0399
23 1.0348
24 1.023
25 1.0121
26 1.0045
27 1.0004
28 0.99877
29 0.9985
30 0.99882
31 0.99928
32 0.99965
33 0.99989
34 1
35 1.0001
36 1.0001
37 1
38 1
39 1
40 1
41 1
42 1
43 1
44 1
45 1
46 1
47 1
48 1
49 1
50 1
51 1
52 1
53 1
54 1
55 1
56 1
57 1
58 1
59 1
60 1
61 1
62 1.3049
63 1.5479
64 1.7414
65 1.8956
66 2.0185
67 2.1163
68 2.1943
69 2.1698
70 2.0559
71 1.8946
72 1.7245
73 1.57
74 1.4419
75 1.3414
76 1.2649
77 1.2074
78 1.1638
79 1.1303
80 1.1041
81 1.0834
82 1.0668
83 1.0534
84 1.0426
85 1.0339
86 1.027
87 1.0215
88 1.017
89 1.0135
90 1.0107
91 1.0085
92 1.0068
93 1.0054
94 1.0043
95 1.0034
96 1.0027
97 1.0021
98 1.0017
99 1.0013
100 1.001
101 1.0008
102 1.0006
103 1.0005
104 1.0004
105 1.0003
106 1.0002
107 1.0002
108 1.0001
109 1.0001
110 1.0001
111 1
112 1
113 1
114 1
115 0.99999
116 0.99999
117 1.5679
118 2.1872
119 2.6499
120 2.9225
121 3.0466
122 3.0798
123 3.0696
124 3.046
125 3.0241
126 3.009
127 3.0008
128 2.9975
129 2.997
130 2.9976
131 2.9985
132 2.9993
133 2.9998
134 3
135 3.0001
136 3.0001
137 3.0001
138 3
139 3
140 3
141 3
142 3
143 3
144 3
145 3
146 3
147 3
148 3
149 3
150 3
151 3
152 3
153 3
154 3
155 3
156 3
157 3
158 3
159 3
160 3
161 3
162 2.6951
163 2.4521
164 2.2586
165 2.1044
166 1.9815
167 1.8837
168 1.8057
169 1.8302
170 1.9441
171 2.1054
172 2.2755
173 2.43
174 2.5581
175 2.6586
176 2.7351
177 2.7926
178 2.8362
179 2.8697
180 2.8959
181 2.9166
182 2.9332
183 2.9466
184 2.9574
185 2.9661
186 2.973
187 2.9785
188 2.983
189 2.9865
190 2.9893
191 2.9915
192 2.9933
193 2.9947
194 2.9958
195 2.9967
196 2.9974
197 2.998
198 2.9984
199 2.9988
200 2.999
201 2.9992
202 2.9994
203 2.9995
204 2.9996
205 2.9997
206 2.9998
207 2.9998
208 2.9999
209 2.9999
210 2.9999
211 3
212 3
213 3
214 3
215 3
216 3
217 2.5741
218 2.1096
219 1.7626
220 1.5581
221 1.4651
222 1.4402
223 1.4478
224 1.4655
225 1.4819
226 1.4932
227 1.4994
228 1.5019
229 1.5023
230 1.5018
231 1.5011
232 1.5005
233 1.5002
234 1.5
235 1.4999
236 1.4999
237 1.5
238 1.5
239 1.5
240 1.5
241 1.5
242 1.5
243 1.5
244 1.5
245 1.5
246 1.5
247 1.4999
248 1.4999
249 1.4999
250 1.4999
251 1.4999
252 1.4999
253 1.4999
254 1.4999
255 1.5
256 1.5
257 1.5
258 1.5
259 1.5
260 1.5
261 1.5
262 1.8049
263 2.0479
264 2.2414
265 2.3956
266 2.5185
267 2.6163
268 2.6943
269 2.6698
270 2.5559
271 2.3946
272 2.2245
273 2.07
274 1.9419
275 1.8414
276 1.7649
277 1.7074
278 1.6638
279 1.6303
280 1.6041
281 1.5834
282 1.5668
283 1.5534
284 1.5426
285 1.5339
286 1.527
287 1.5214
288 1.517
289 1.5135
290 1.5108
291 1.5086
292 1.5069
293 1.5055
294 1.5044
295 1.5035
296 1.5028
297 1.5023
298 1.5018
299 1.5014
300 1.5011
301 1.5008
302 1.5006
303 1.5005
304 1.5004
305 1.5003
306 1.5002
307 1.5002
308 1.5001
309 1.5001
310 1.5001
311 1.5
312 1.5
313 1.5
314 1.5
315 1.5
316 1.5
317 1.074
318 0.60956
319 0.26256
320 0.058083
321 -0.034972
322 -0.059887
323 -0.052215
324 -0.034522
325 -0.018101
326 -0.0068189
327 -0.00066452
328 0.0018227
329 0.0022309
330 0.0017451
331 0.0010628
332 0.00050087
333 0.00014382
334 -3.4959e-05
335 -9.6087e-05
336 -9.5731e-05
337 -7.2422e-05
338 -4.7091e-05
339 -2.7997e-05
340 -1.607e-05
341 -8.8805e-06
342 -3.0693e-06
343 4.2419e-06
344 1.4332e-05
345 2.6873e-05
346 4.0603e-05
347 5.408e-05
348 6.6192e-05
349 7.6348e-05
350 8.2522e-05
351 8.305e-05
352 7.7835e-05
353 6.8264e-05
354 5.6437e-05
355 4.4362e-05
356 3.3471e-05
357 2.4495e-05
358 1.7577e-05
359 1.2495e-05
360 8.8634e-06
361 6.2847e-06
362 -0.30494
363 -0.54788
364 -0.74143
365 -0.89563
366 -1.0185
367 -1.1163
368 -1.1943
369 -1.1698
370 -1.0559
371 -0.89456
372 -0.72446
373 -0.57003
374 -0.44192
375 -0.34142
376 -0.26495
377 -0.20736
378 -0.16378
379 -0.1303
380 -0.10414
381 -0.083386
382 -0.066751
383 -0.053361
384 -0.04258
385 -0.033919
386 -0.026984
387 -0.021449
388 -0.017043
389 -0.013543
390 -0.01077
391 -0.0085747
392 -0.0068373
393 -0.005459
394 -0.0043621
395 -0.0034867
396 -0.0027869
397 -0.0022274
398 -0.0017712
399 -0.0013945
400 -0.0010849
