1 0
2 0
3 0
4 0
5 0
6 0
7 0
8 0
9 0
10 0
11 0
12 0
13 0
14 0
15 0
16 0
17 0.1116
18 0.27528
19 0.45082
20 0.61361
21 0.75088
22 0.85806
23 0.93588
24 0.98803
25 1.0195
26 1.0356
27 1.0409
28 1.0394
29 1.0341
30 1.0273
31 1.0203
32 1.014
33 1.0087
34 1.0048
35 1.0019
36 1.0001
37 0.99899
38 0.99848
39 0.99835
40 0.99846
41 0.9987
42 0.99898
43 0.99926
44 0.9995
45 0.9997
46 0.99984
47 0.99995
48 1
49 1
50 1.0001
51 1.0001
52 1.0001
53 1
54 1
55 1
56 1
57 1
58 1
59 1
60 1
61 1
62 1
63 1
64 1
65 1
66 1
67 1
68 1
69 1
70 1
71 1
72 1
73 1
74 1
75 1
76 1
77 1
78 1
79 1
80 1
81 1
82 1
83 1
84 1
85 1
86 1
87 1
88 1
89 1
90 1
91 1
92 1
93 1
94 1
95 1
96 1
97 1
98 1
99 1
100 1
101 1
102 1
103 1
104 1
105 1
106 1
107 1
108 1
109 1
110 1
111 1
112 1
113 1
114 1
115 1
116 1
117 1.2232
118 1.5506
119 1.9016
120 2.2272
121 2.5018
122 2.7161
123 2.8718
124 2.9761
125 3.0391
126 3.0711
127 3.0817
128 3.0787
129 3.0682
130 3.0545
131 3.0405
132 3.0279
133 3.0175
134 3.0095
135 3.0038
136 3.0001
137 2.998
138 2.997
139 2.9967
140 2.9969
141 2.9974
142 2.998
143 2.9985
144 2.999
145 2.9994
146 2.9997
147 2.9999
148 3
149 3.0001
150 3.0001
151 3.0001
152 3.0001
153 3.0001
154 3.0001
155 3.0001
156 3
157 3
158 3
159 3
160 3
161 3
162 3
163 3
164 3
165 3
166 3
167 3
168 3
169 3
170 3
171 3
172 3
173 3
174 3
175 3
176 3
177 3
178 3
179 3
180 3
181 3
182 3
183 3
184 3
185 3
186 3
187 3
188 3
189 3
190 3
191 3
192 3
193 3
194 3
195 3.0001
196 3.0001
197 3.0001
198 3.0001
199 3.0001
200 3.0001
201 3.0001
202 3.0001
203 3
204 3
205 3
206 3
207 3
208 3
209 3
210 3
211 3
212 3
213 3
214 3
215 3
216 3
217 2.8326
218 2.5871
219 2.3238
220 2.0796
221 1.8737
222 1.7129
223 1.5962
224 1.5179
225 1.4707
226 1.4467
227 1.4387
228 1.4409
229 1.4488
230 1.4591
231 1.4696
232 1.4791
233 1.4869
234 1.4929
235 1.4971
236 1.4999
237 1.5015
238 1.5023
239 1.5025
240 1.5023
241 1.502
242 1.5015
243 1.5011
244 1.5008
245 1.5005
246 1.5002
247 1.5001
248 1.5
249 1.4999
250 1.4999
251 1.4999
252 1.4999
253 1.4999
254 1.4999
255 1.5
256 1.5
257 1.5
258 1.5
259 1.5
260 1.5
261 1.5
262 1.5
263 1.5
264 1.5
265 1.5
266 1.5
267 1.5
268 1.5
269 1.5
270 1.5
271 1.5
272 1.5
273 1.5
274 1.5
275 1.5
276 1.5
277 1.5
278 1.5
279 1.5
280 1.5
281 1.5
282 1.5
283 1.5
284 1.5
285 1.5
286 1.5
287 1.5
288 1.5
289 1.5
290 1.5
291 1.5
292 1.5001
293 1.5001
294 1.5001
295 1.5001
296 1.5001
297 1.5001
298 1.5001
299 1.5001
300 1.5001
301 1.5001
302 1.5001
303 1.5001
304 1.5001
305 1.5001
306 1.5
307 1.5
308 1.5
309 1.5
310 1.5
311 1.5
312 1.5
313 1.5
314 1.5
315 1.5
316 1.5
317 1.3326
318 1.0871
319 0.82377
320 0.57958
321 0.37368
322 0.21292
323 0.096187
324 0.01795
325 -0.029296
326 -0.053348
327 -0.061303
328 -0.059062
329 -0.051175
330 -0.040902
331 -0.030397
332 -0.02093
333 -0.01312
334 -0.0071389
335 -0.0028836
336 -0.00010104
337 0.0015193
338 0.0022868
339 0.0024754
340 0.0023082
341 0.0019539
342 0.001531
343 0.0011155
344 0.00075081
345 0.00045611
346 0.00023478
347 8.0592e-05
348 -1.7567e-05
349 -7.2369e-05
350 -9.5983e-05
351 -9.8925e-05
352 -8.9585e-05
353 -7.4184e-05
354 -5.6996e-05
355 -4.0693e-05
356 -2.6721e-05
357 -1.5657e-05
358 -7.5081e-06
359 -1.956e-06
360 1.4745e-06
361 3.2942e-06
362 3.9781e-06
363 3.9274e-06
364 3.4557e-06
365 2.791e-06
366 2.0865e-06
367 1.4348e-06
368 8.8373e-07
369 4.502e-07
370 1.3213e-07
371 -8.2161e-08
372 -2.0712e-07
373 -2.5534e-07
374 -2.348e-07
375 -1.4786e-07
376 8.4014e-09
377 2.4028e-07
378 5.5414e-07
379 9.5146e-07
380 1.422e-06
381 1.9353e-06
382 2.4303e-06
383 2.804e-06
384 2.901e-06
385 2.5041e-06
386 1.3323e-06
387 -9.5167e-07
388 -4.7174e-06
389 -1.0318e-05
390 -1.8011e-05
391 -2.7839e-05
392 -3.9459e-05
393 -5.2219e-05
394 -6.5306e-05
395 -7.7918e-05
396 -8.9381e-05
397 -9.9223e-05
398 -0.00010574
399 -0.00010755
400 -0.00010412
