1 0
2 0
3 0
4 0
5 0
6 0
7 0
8 0
9 0
10 0
11 0
12 0
13 0
14 0
15 0
16 0
17 0.21751
18 0.48326
19 0.71241
20 0.87563
21 0.97439
22 1.0233
23 1.0398
24 1.0383
25 1.0294
26 1.019
27 1.0104
28 1.0043
29 1.0007
30 0.99896
31 0.99843
32 0.99853
33 0.9989
34 0.9993
35 0.99963
36 0.99985
37 0.99998
38 1
39 1.0001
40 1.0001
41 1
42 1
43 1
44 1
45 1
46 1
47 1
48 1
49 1
50 1
51 1
52 1
53 1
54 1
55 1
56 1
57 1
58 1
59 1
60 1
61 1
62 1
63 1
64 1
65 1
66 1
67 1
68 1
69 1
70 1
71 1
72 1
73 1
74 1
75 1
76 1
77 1
78 1
79 1
80 1
81 1
82 1
83 1
84 1
85 1
86 1
87 1
88 1
89 1
90 1
91 1
92 1
93 1
94 1
95 1
96 1
97 1
98 1
99 1
100 1
101 1
102 1
103 1
104 1
105 1
106 1
107 1
108 1
109 1
110 1
111 1
112 1
113 1
114 1
115 1
116 1
117 1.435
118 1.9665
119 2.4248
120 2.7513
121 2.9488
122 3.0467
123 3.0795
124 3.0767
125 3.0587
126 3.0381
127 3.0207
128 3.0086
129 3.0014
130 2.9979
131 2.9969
132 2.9971
133 2.9978
134 2.9986
135 2.9993
136 2.9997
137 3
138 3.0001
139 3.0001
140 3.0001
141 3.0001
142 3.0001
143 3
144 3
145 3
146 3
147 3
148 3
149 3
150 3
151 3
152 3
153 3
154 3
155 3
156 3
157 3
158 3
159 3
160 3
161 3
162 3
163 3
164 3
165 3
166 3
167 3
168 3
169 3
170 3
171 3
172 3
173 3
174 3
175 3
176 3
177 3
178 3
179 3
180 3
181 3
182 3
183 3
184 3
185 3
186 3
187 3
188 3
189 3
190 3
191 3
192 3
193 3
194 3.0001
195 3.0001
196 3.0001
197 3.0001
198 3.0001
199 3.0001
200 3.0001
201 3
202 3
203 3
204 3
205 3
206 3
207 3
208 3
209 3
210 3
211 3
212 3
213 3
214 3
215 3
216 3
217 2.6737
218 2.2751
219 1.9314
220 1.6866
221 1.5384
222 1.465
223 1.4403
224 1.4425
225 1.4559
226 1.4714
227 1.4845
228 1.4936
229 1.499
230 1.5016
231 1.5024
232 1.5022
233 1.5017
234 1.5011
235 1.5006
236 1.5002
237 1.5
238 1.4999
239 1.4999
240 1.4999
241 1.4999
242 1.5
243 1.5
244 1.5
245 1.5
246 1.5
247 1.5
248 1.5
249 1.5
250 1.5
251 1.5
252 1.5
253 1.5
254 1.5
255 1.5
256 1.5
257 1.5
258 1.5
259 1.5
260 1.5
261 1.5
262 1.5
263 1.5
264 1.5
265 1.5
266 1.5
267 1.5
268 1.5
269 1.5
270 1.5
271 1.5
272 1.5
273 1.5
274 1.5
275 1.5
276 1.5
277 1.5
278 1.5
279 1.5
280 1.5
281 1.5
282 1.5
283 1.5
284 1.5
285 1.5
286 1.5
287 1.5
288 1.5
289 1.5
290 1.5
291 1.5
292 1.5001
293 1.5001
294 1.5001
295 1.5001
296 1.5002
297 1.5002
298 1.5002
299 1.5001
300 1.5001
301 1.5001
302 1.5
303 1.5
304 1.5
305 1.5
306 1.5
307 1.5
308 1.5
309 1.5
310 1.5
311 1.5
312 1.5
313 1.5
314 1.5
315 1.5
316 1.5
317 1.1737
318 0.77511
319 0.43139
320 0.18656
321 0.03842
322 -0.035016
323 -0.059662
324 -0.057512
325 -0.044059
326 -0.028565
327 -0.015545
328 -0.0064443
329 -0.0010444
330 0.0015551
331 0.0023588
332 0.0021989
333 0.0016503
334 0.0010504
335 0.00055834
336 0.00022074
337 2.441e-05
338 -6.7151e-05
339 -9.2769e-05
340 -8.3846e-05
341 -6.1689e-05
342 -3.8537e-05
343 -1.9984e-05
344 -7.4869e-06
345 -3.6817e-07
346 2.8392e-06
347 3.6307e-06
348 3.1887e-06
349 2.3009e-06
350 1.4103e-06
351 7.1222e-07
352 2.5049e-07
353 -6.9887e-09
354 -1.1876e-07
355 -1.4222e-07
356 -1.218e-07
357 -8.6537e-08
358 -5.2405e-08
359 -2.6149e-08
360 -8.9786e-09
361 5.9736e-10
362 4.942e-09
363 6.2873e-09
364 6.3261e-09
365 6.149e-09
366 6.3368e-09
367 7.0839e-09
368 8.2839e-09
369 9.5449e-09
370 1.0138e-08
371 8.9163e-09
372 4.2868e-09
373 -5.6458e-09
374 -2.264e-08
375 -4.7404e-08
376 -7.7995e-08
377 -1.074e-07
378 -1.2048e-07
379 -9.0851e-08
380 2.0386e-08
381 2.6147e-07
382 6.7808e-07
383 1.2875e-06
384 2.034e-06
385 2.7232e-06
386 2.941e-06
387 1.9789e-06
388 -1.1923e-06
389 -7.821e-06
390 -1.9038e-05
391 -3.5144e-05
392 -5.4406e-05
393 -7.4042e-05
394 -9.1471e-05
395 -0.00010507
396 -0.00011431
397 -0.0001196
398 -0.0001163
399 -0.00010301
400 -8.2244e-05
