1 0
2 0
3 0
4 0
5 0
6 0
7 0
8 0
9 0
10 0
11 0
12 0
13 0
14 0
15 0
16 0
17 0.21748
18 0.48319
19 0.7123
20 0.87551
21 0.97427
22 1.0232
23 1.0397
24 1.0383
25 1.0294
26 1.019
27 1.0104
28 1.0043
29 1.0007
30 0.99897
31 0.99843
32 0.99854
33 0.9989
34 0.9993
35 0.99963
36 0.99985
37 0.99998
38 1
39 1.0001
40 1.0001
41 1
42 1
43 1
44 1
45 1
46 1
47 1
48 1
49 1
50 1
51 1
52 1
53 1
54 1
55 1
56 1
57 1
58 1
59 1
60 1
61 1
62 1
63 1
64 1
65 1
66 1
67 1
68 1
69 1
70 1
71 1
72 1
73 1
74 1
75 1
76 1
77 1
78 1
79 1
80 1
81 1
82 1
83 1
84 1
85 1
86 1
87 1
88 1
89 1
90 1
91 1
92 1
93 1
94 1
95 1
96 1
97 1
98 1
99 1
100 1
101 1
102 1
103 1
104 1
105 1
106 1
107 1
108 1
109 1
110 1
111 1
112 1
113 1
114 1
115 1
116 1
117 1.435
118 1.9664
119 2.4246
120 2.751
121 2.9485
122 3.0465
123 3.0794
124 3.0766
125 3.0587
126 3.0381
127 3.0207
128 3.0086
129 3.0014
130 2.9979
131 2.9969
132 2.9971
133 2.9978
134 2.9986
135 2.9993
136 2.9997
137 3
138 3.0001
139 3.0001
140 3.0001
141 3.0001
142 3.0001
143 3
144 3
145 3
146 3
147 3
148 3
149 3
150 3
151 3
152 3
153 3
154 3
155 3
156 3
157 3
158 3
159 3
160 3
161 3
162 3
163 3
164 3
165 3
166 3
167 3
168 3
169 3
170 3
171 3
172 3
173 3
174 3
175 3
176 3
177 3
178 3
179 3
180 3
181 3
182 3
183 3
184 3
185 3
186 3
187 3
188 3
189 3
190 3
191 3
192 3
193 3
194 3.0001
195 3.0001
196 3.0001
197 3.0001
198 3.0001
199 3.0001
200 3.0001
201 3
202 3
203 3
204 3
205 3
206 3
207 3
208 3
209 3
210 3
211 3
212 3
213 3
214 3
215 3
216 3
217 2.6738
218 2.2752
219 1.9315
220 1.6867
221 1.5386
222 1.4651
223 1.4404
224 1.4426
225 1.456
226 1.4714
227 1.4844
228 1.4935
229 1.4989
230 1.5015
231 1.5024
232 1.5022
233 1.5016
234 1.501
235 1.5006
236 1.5002
237 1.5
238 1.4999
239 1.4999
240 1.4999
241 1.4999
242 1.5
243 1.5
244 1.5
245 1.5
246 1.5
247 1.5
248 1.5
249 1.5
250 1.5
251 1.5
252 1.5
253 1.5
254 1.5
255 1.5
256 1.5
257 1.5
258 1.5
259 1.5
260 1.5
261 1.5
262 1.5
263 1.5
264 1.5
265 1.5
266 1.5
267 1.5
268 1.5
269 1.5
270 1.5
271 1.5
272 1.5
273 1.5
274 1.5
275 1.5
276 1.5
277 1.5
278 1.5
279 1.5
280 1.5
281 1.5
282 1.5
283 1.5
284 1.5
285 1.5
286 1.5
287 1.5
288 1.5
289 1.5
290 1.5
291 1.5
292 1.5001
293 1.5001
294 1.5001
295 1.5001
296 1.5002
297 1.5002
298 1.5002
299 1.5001
300 1.5001
301 1.5001
302 1.5
303 1.5
304 1.5
305 1.5
306 1.5
307 1.5
308 1.5
309 1.5
310 1.5
311 1.5
312 1.5
313 1.5
314 1.5
315 1.5
316 1.5
317 1.1738
318 0.77521
319 0.43154
320 0.18674
321 0.038591
322 -0.034875
323 -0.05956
324 -0.05745
325 -0.044029
326 -0.028558
327 -0.015552
328 -0.0064564
329 -0.0010572
330 0.0015444
331 0.0023513
332 0.0021943
333 0.0016482
334 0.0010498
335 0.00055867
336 0.00022144
337 2.5146e-05
338 -6.6544e-05
339 -9.2347e-05
340 -8.3598e-05
341 -6.1574e-05
342 -3.8509e-05
343 -2.0002e-05
344 -7.5235e-06
345 -4.0592e-07
346 2.8087e-06
347 3.6099e-06
348 3.1767e-06
349 2.2955e-06
350 1.4092e-06
351 7.1338e-07
352 2.5258e-07
353 -4.7849e-09
354 -1.1682e-07
355 -1.4067e-07
356 -1.206e-07
357 -8.561e-08
358 -5.1676e-08
359 -2.5566e-08
360 -8.5261e-09
361 9.069e-10
362 5.0727e-09
363 6.1874e-09
364 5.9208e-09
365 5.3203e-09
366 4.9058e-09
367 4.8249e-09
368 5.0046e-09
369 5.2658e-09
370 5.4e-09
371 5.2136e-09
372 4.5648e-09
373 3.4119e-09
374 1.8349e-09
375 1.148e-11
376 -1.8381e-09
377 -3.5109e-09
378 1.5876e-08
379 9.0635e-08
380 2.5546e-07
381 5.3635e-07
382 9.4766e-07
383 1.4936e-06
384 2.1319e-06
385 2.6978e-06
386 2.8088e-06
387 1.7775e-06
388 -1.4182e-06
389 -8.0322e-06
390 -1.9208e-05
391 -3.5261e-05
392 -5.447e-05
393 -7.4062e-05
394 -9.1461e-05
395 -0.00010504
396 -0.00011428
397 -0.00011957
398 -0.00011627
399 -0.000103
400 -8.2246e-05
