1 0
2 0
3 0
4 0
5 0
6 0
7 0
8 0
9 0
10 0
11 0
12 0
13 0
14 0
15 0
16 0
17 0.039744
18 0.10706
19 0.19192
20 0.28627
21 0.38384
22 0.47988
23 0.571
24 0.65487
25 0.73011
26 0.79601
27 0.85245
28 0.89971
29 0.93836
30 0.96915
31 0.99297
32 1.0107
33 1.0233
34 1.0316
35 1.0364
36 1.0385
37 1.0385
38 1.037
39 1.0344
40 1.0312
41 1.0275
42 1.0238
43 1.0201
44 1.0165
45 1.0133
46 1.0104
47 1.0079
48 1.0057
49 1.0039
50 1.0024
51 1.0012
52 1.0003
53 0.99959
54 0.9991
55 0.99878
56 0.9986
57 0.99851
58 0.99851
59 0.99857
60 0.99867
61 0.9988
62 0.99894
63 0.99908
64 0.99923
65 0.99936
66 0.99949
67 0.9996
68 0.9997
69 0.99978
70 0.99985
71 0.99991
72 0.99995
73 0.99999
74 1
75 1
76 1
77 1.0001
78 1.0001
79 1.0001
80 1.0001
81 1.0001
82 1
83 1
84 1
85 1
86 1
87 1
88 1
89 1
90 1
91 1
92 1
93 1
94 1
95 1
96 1
97 1
98 1
99 1
100 1
101 1
102 1
103 1
104 1
105 1
106 1
107 1
108 1
109 1
110 1
111 1
112 1
113 1
114 1
115 1
116 1
117 1.0795
118 1.2141
119 1.3838
120 1.5725
121 1.7677
122 1.9598
123 2.142
124 2.3097
125 2.4602
126 2.592
127 2.7049
128 2.7994
129 2.8767
130 2.9383
131 2.9859
132 3.0214
133 3.0466
134 3.0632
135 3.0729
136 3.0771
137 3.0771
138 3.074
139 3.0689
140 3.0623
141 3.055
142 3.0475
143 3.0401
144 3.0331
145 3.0266
146 3.0208
147 3.0157
148 3.0114
149 3.0077
150 3.0048
151 3.0024
152 3.0005
153 2.9992
154 2.9982
155 2.9976
156 2.9972
157 2.997
158 2.997
159 2.9971
160 2.9973
161 2.9976
162 2.9979
163 2.9982
164 2.9985
165 2.9987
166 2.999
167 2.9992
168 2.9994
169 2.9996
170 2.9997
171 2.9998
172 2.9999
173 3
174 3
175 3.0001
176 3.0001
177 3.0001
178 3.0001
179 3.0001
180 3.0001
181 3.0001
182 3.0001
183 3.0001
184 3.0001
185 3.0001
186 3.0001
187 3
188 3
189 3
190 3
191 3
192 3
193 3
194 3
195 3
196 3
197 3
198 3
199 3
200 3
201 3.0001
202 3.0001
203 3.0001
204 3.0001
205 3.0001
206 3.0001
207 3
208 3
209 3
210 3
211 3
212 3
213 3
214 3
215 3
216 3
217 2.9404
218 2.8394
219 2.7121
220 2.5706
221 2.4242
222 2.2802
223 2.1435
224 2.0177
225 1.9048
226 1.806
227 1.7213
228 1.6504
229 1.5925
230 1.5463
231 1.5105
232 1.4839
233 1.4651
234 1.4526
235 1.4453
236 1.4422
237 1.4422
238 1.4445
239 1.4484
240 1.4533
241 1.4587
242 1.4644
243 1.4699
244 1.4752
245 1.48
246 1.4844
247 1.4882
248 1.4915
249 1.4942
250 1.4964
251 1.4982
252 1.4996
253 1.5006
254 1.5013
255 1.5018
256 1.5021
257 1.5022
258 1.5022
259 1.5021
260 1.502
261 1.5018
262 1.5016
263 1.5014
264 1.5012
265 1.501
266 1.5008
267 1.5006
268 1.5005
269 1.5003
270 1.5002
271 1.5001
272 1.5001
273 1.5
274 1.5
275 1.4999
276 1.4999
277 1.4999
278 1.4999
279 1.4999
280 1.4999
281 1.4999
282 1.4999
283 1.4999
284 1.4999
285 1.5
286 1.5
287 1.5
288 1.5
289 1.5
290 1.5
291 1.5
292 1.5
293 1.5
294 1.5001
295 1.5001
296 1.5001
297 1.5001
298 1.5001
299 1.5001
300 1.5001
301 1.5001
302 1.5001
303 1.5001
304 1.5001
305 1.5001
306 1.5001
307 1.5001
308 1.5001
309 1.5001
310 1.5001
311 1.5001
312 1.5001
313 1.5
314 1.5
315 1.5
316 1.5
317 1.4404
318 1.3394
319 1.2121
320 1.0706
321 0.92425
322 0.78017
323 0.6435
324 0.51769
325 0.40484
326 0.30598
327 0.22131
328 0.15042
329 0.092453
330 0.046261
331 0.010545
332 -0.01607
333 -0.034951
334 -0.047409
335 -0.054662
336 -0.05781
337 -0.05782
338 -0.05553
339 -0.051643
340 -0.04674
341 -0.041287
342 -0.035646
343 -0.030092
344 -0.024823
345 -0.019972
346 -0.01562
347 -0.011808
348 -0.0085422
349 -0.0058078
350 -0.0035715
351 -0.0017894
352 -0.0004113
353 0.00061581
354 0.0013446
355 0.0018257
356 0.002106
357 0.0022279
358 0.0022287
359 0.0021407
360 0.0019911
361 0.0018023
362 0.0015922
363 0.0013748
364 0.0011608
365 0.00095769
366 0.00077073
367 0.00060304
368 0.00045615
369 0.00033037
370 0.00022509
371 0.00013904
372 7.0516e-05
373 1.759e-05
374 -2.179e-05
375 -4.9669e-05
376 -6.801e-05
377 -7.8643e-05
378 -8.3226e-05
379 -8.3233e-05
380 -7.9942e-05
381 -7.4445e-05
382 -6.7653e-05
383 -6.0314e-05
384 -5.303e-05
385 -4.6269e-05
386 -4.0392e-05
387 -3.5658e-05
388 -3.2246e-05
389 -3.0261e-05
390 -2.9742e-05
391 -3.0667e-05
392 -3.2956e-05
393 -3.6476e-05
394 -4.1053e-05
395 -4.6487e-05
396 -5.2562e-05
397 -5.9063e-05
398 -6.5595e-05
399 -7.1713e-05
400 -7.6997e-05
