1 0
2 0
3 0
4 0
5 0
6 0
7 0
8 0
9 0
10 3.9562
11 2.6516
12 1.1249
13 0.42039
14 0.26383
15 0.29564
16 0.34383
17 0.36777
18 0.37376
19 0.3731
20 0.37159
21 0.37079
22 0.37056
23 0.37057
24 0.37062
25 0.37065
26 0.37065
27 0.37065
28 0.37065
29 0.37065
30 0.37065
31 0.37065
32 0.37065
33 0.37065
34 0.37065
35 0.37065
36 0.37065
37 0.37065
38 0.37065
39 0.37065
40 0.37065
41 0.37065
42 0.37065
43 0.37065
44 0.37065
45 0.37065
46 0.37065
47 0.37065
48 0.37065
49 0.37065
50 0.37065
51 0.37065
52 0.37065
53 0.37065
54 0.37065
55 0.37065
56 0.37065
57 0.37065
58 0.37065
59 0.37065
60 0.37065
61 0.37065
62 0.37065
63 0.37065
64 0.37065
65 0.37065
66 0.37065
67 0.37065
68 0.37065
69 0.37065
70 0.37065
71 0.37065
72 0.37065
73 0.37065
74 0.37065
75 0.37065
76 0.37065
77 0.37065
78 0.37065
79 0.37065
80 0.37065
81 0.37065
82 0.37065
83 0.37065
84 0.37065
85 0.37065
86 0.37065
87 0.37065
88 0.37065
89 0.37065
90 0.37065
91 0.37065
92 0.37065
93 0.37065
94 0.37065
95 0.37065
96 0.37065
97 0.37065
98 0.37065
99 0.37065
100 0.37065
101 0.37065
102 0.37065
103 0.37065
104 0.37065
105 0.37065
106 0.37065
107 0.37065
108 0.37065
109 0.37065
110 0.37065
111 0.37065
112 0.37065
113 0.37065
114 0.37065
115 0.37065
116 0.37065
117 0.37065
118 0.37065
119 0.37065
120 0.37065
121 0.37065
122 0.37065
123 0.37065
124 0.37065
125 0.37065
126 0.37065
127 0.37065
128 0.37065
129 0.37065
130 0.37065
131 0.37065
132 0.37065
133 0.37065
134 0.37065
135 0.37065
136 0.37065
137 0.37065
138 0.37065
139 0.37065
140 0.37065
141 0.37065
142 0.37065
143 0.37065
144 0.37065
145 0.37065
146 0.37065
147 0.37065
148 0.37065
149 0.37065
150 0.37065
151 0.37065
152 0.37065
153 0.37065
154 0.37065
155 0.37065
156 0.37065
157 0.37065
158 0.37065
159 0.37065
160 0.37065
161 0.37065
162 0.37065
163 0.37065
164 0.37065
165 0.37065
166 0.37065
167 0.37065
168 0.37065
169 0.37065
170 0.37065
171 0.37065
172 0.37065
173 0.37065
174 0.37065
175 0.37065
176 0.37065
177 0.37065
178 0.37065
179 0.37065
180 0.37064
181 0.37065
182 0.37067
183 0.37074
184 0.37084
185 0.37084
186 0.37077
187 0.3707
188 0.37067
189 0.37067
190 0.37067
191 0.3705
192 0.37046
193 0.37052
194 0.37061
195 0.37065
196 0.37066
197 0.37066
198 0.37065
199 0.37065
200 0.37065
