0 2
0.5 2
1 2
1.5 2
2 2
2.5 2
3 2
3.5 2
4 2
4.5 2
5 2
5.5 2
6 2
6.5 2
7 2
7.5 2
8 2
8.5 2
9 2
9.5 2
10 2
10.5 2
11 2
11.5 2
12 2
12.5 2
13 2
13.5 2
14 2
14.5 2
15 2
15.5 2
16 2
16.5 2
17 2
17.5 2
18 2
18.5 2
19 2
19.5 2
20 2
20.5 2
21 2
21.5 2
22 2
22.5 2
23 2
23.5 2
24 2
24.5 2
25 2
25.5 2
26 2
26.5 2
27 2
27.5 2
28 2
28.5 2
29 2
29.5 2
30 2
30.5 2
31 2
31.5 2
32 2
32.5 2
33 2
33.5 2
34 2
34.5 2
35 2
35.5 2
36 2
36.5 2
37 2
37.5 2
38 2
38.5 2
39 2
39.5 2
40 2
40.5 2
41 2
41.5 2
42 2
42.5 2
43 2
43.5 2
44 2
44.5 2
45 2
45.5 2
46 2
46.5 2
47 2
47.5 2
48 2
48.5 2
49 2
49.5 2
50 2
50.5 2
51 2
51.5 2
52 2
52.5 2
53 2
53.5 2
54 2
54.5 2
55 2
55.5 2
56 2
56.5 2
57 2
57.5 2
58 2
58.5 2
59 2
59.5 2
60 2
60.5 2
61 2
61.5 2
62 2
62.5 2
63 2
63.5 2
64 2
64.5 2
65 2
65.5 2
66 2
66.5 2
67 2
67.5 2
68 2
68.5 2
69 2
69.5 2
70 2
70.5 2
71 2
71.5 2
72 2
72.5 2
73 2
73.5 2
74 2
74.5 2
75 2
75.5 2
76 2
76.5 2
77 2
77.5 2
78 2
78.5 2
79 2
79.5 2
80 2
80.5 2
81 2
81.5 2
82 2
82.5 2
83 2
83.5 2
84 2
84.5 2
85 2
85.5 2
86 2
86.5 2
87 2
87.5 2
88 2
88.5 2
89 2
89.5 2
90 2
90.5 2
91 2
91.5 2
92 2
92.5 2
93 2
93.5 2
94 2
94.5 2
95 2
95.5 2
96 2
96.5 2
97 2
97.5 2
98 2
98.5 2
99 2
99.5 2
