0 0.000000
1 0.000000
2 0.914820
3 1.643700
4 2.224300
5 2.686900
6 3.055400
7 3.349000
8 3.582900
9 3.769200
10 3.917700
11 4.035900
12 4.130100
13 4.205100
14 4.264800
15 4.312400
16 4.350300
17 4.380500
18 4.404500
19 4.423600
20 4.438800
21 4.451000
22 4.460600
23 4.468300
24 4.474400
25 4.479200
26 4.483100
27 4.486100
28 4.488500
29 4.490500
30 4.492000
31 4.493200
32 4.494100
33 4.494900
34 4.495500
35 4.496000
36 4.496300
37 4.496600
38 4.496800
39 4.497000
40 4.497100
41 4.497200
42 4.497300
43 4.497400
44 4.497400
45 4.497400
46 4.497500
47 4.497500
48 4.497500
49 4.497500
50 4.497500
51 4.497500
52 4.497500
53 4.497500
54 4.497400
55 4.497400
56 4.497400
57 4.497400
58 4.497400
59 4.497400
60 4.497400
61 4.497400
62 4.497400
63 4.497400
64 4.497400
65 4.497400
66 4.497300
67 4.497300
68 4.497300
69 4.497300
70 4.497300
71 4.497300
72 4.497300
73 4.497300
74 4.497300
75 4.497300
76 4.497300
77 4.497300
78 4.497300
79 4.497300
80 4.497300
81 4.497300
82 4.497300
83 4.497300
84 4.497300
85 4.497300
86 4.497300
87 4.497300
88 4.497300
89 4.497300
90 4.497200
91 4.497200
92 4.497200
93 4.497200
94 4.497200
95 4.497200
96 4.497200
97 4.497200
98 4.497200
99 4.497200
100 4.497200
101 4.497200
102 4.497200
103 4.497200
104 4.497200
105 4.497200
106 4.497200
107 4.497200
108 4.497200
109 4.497200
110 4.497200
111 4.497200
112 4.497200
113 4.497200
114 4.497200
115 4.497200
116 4.497200
117 4.497200
118 4.497200
119 4.497200
120 4.497200
121 4.497200
122 4.497200
123 4.497200
124 4.497200
125 4.497200
126 4.497200
127 4.497200
128 4.497200
129 4.497200
130 4.497200
131 4.497200
132 4.497200
133 4.497200
134 4.497200
135 4.497200
136 4.497200
137 4.497200
138 4.497200
139 4.497200
140 4.497200
141 4.497200
142 4.497200
143 4.497200
144 4.497200
145 4.497200
146 4.497200
147 4.497200
148 4.497200
149 4.497200
150 4.497200
151 4.497200
152 4.497200
153 4.497200
154 4.497200
155 4.497200
156 4.497200
157 4.497200
158 4.497200
159 4.497200
160 4.497200
161 4.497200
162 4.497200
163 4.497200
164 4.497200
165 4.497200
166 4.497200
167 4.497200
168 4.497200
169 4.497200
170 4.497200
171 4.497200
172 4.497200
173 4.497200
174 4.497200
175 4.497200
176 4.497200
177 4.497200
178 4.497200
179 4.497200
180 4.497200
181 4.497200
182 4.497200
183 4.497200
184 4.497200
185 4.497200
186 4.497200
187 4.497200
188 4.497200
189 4.497200
190 4.497200
191 4.497200
192 4.497200
193 4.497200
194 4.497200
195 4.497200
196 4.497200
197 4.497200
198 4.497200
199 4.497200
