0 0.000000
1 0.000000
2 -1.219800
3 -2.191500
4 -2.965700
5 -3.582500
6 -4.073900
7 -4.465400
8 -4.777200
9 -5.025600
10 -5.223500
11 -5.381200
12 -5.506800
13 -5.606800
14 -5.686400
15 -5.749900
16 -5.800400
17 -5.840600
18 -5.872700
19 -5.898200
20 -5.918400
21 -5.934600
22 -5.947500
23 -5.957700
24 -5.965800
25 -5.972300
26 -5.977400
27 -5.981500
28 -5.984700
29 -5.987300
30 -5.989300
31 -5.990900
32 -5.992200
33 -5.993200
34 -5.994000
35 -5.994600
36 -5.995100
37 -5.995500
38 -5.995800
39 -5.996000
40 -5.996200
41 -5.996300
42 -5.996400
43 -5.996500
44 -5.996500
45 -5.996600
46 -5.996600
47 -5.996600
48 -5.996600
49 -5.996600
50 -5.996600
51 -5.996600
52 -5.996600
53 -5.996600
54 -5.996600
55 -5.996600
56 -5.996600
57 -5.996600
58 -5.996500
59 -5.996500
60 -5.996500
61 -5.996500
62 -5.996500
63 -5.996500
64 -5.996500
65 -5.996500
66 -5.996500
67 -5.996500
68 -5.996400
69 -5.996400
70 -5.996400
71 -5.996400
72 -5.996400
73 -5.996400
74 -5.996400
75 -5.996400
76 -5.996400
77 -5.996400
78 -5.996400
79 -5.996400
80 -5.996400
81 -5.996400
82 -5.996400
83 -5.996400
84 -5.996400
85 -5.996300
86 -5.996300
87 -5.996300
88 -5.996300
89 -5.996300
90 -5.996300
91 -5.996300
92 -5.996300
93 -5.996300
94 -5.996300
95 -5.996300
96 -5.996300
97 -5.996300
98 -5.996300
99 -5.996300
100 -5.996300
101 -5.996300
102 -5.996300
103 -5.996300
104 -5.996300
105 -5.996300
106 -5.996300
107 -5.996300
108 -5.996300
109 -5.996300
110 -5.996300
111 -5.996300
112 -5.996300
113 -5.996300
114 -5.996300
115 -5.996300
116 -5.996300
117 -5.996300
118 -5.996300
119 -5.996300
120 -5.996300
121 -5.996300
122 -5.996300
123 -5.996300
124 -5.996300
125 -5.996300
126 -5.996300
127 -5.996300
128 -5.996300
129 -5.996300
130 -5.996300
131 -5.996300
132 -5.996300
133 -5.996300
134 -5.996300
135 -5.996300
136 -5.996300
137 -5.996300
138 -5.996300
139 -5.996300
140 -5.996300
141 -5.996300
142 -5.996300
143 -5.996300
144 -5.996300
145 -5.996300
146 -5.996300
147 -5.996300
148 -5.996300
149 -5.996300
150 -5.996300
151 -5.996300
152 -5.996300
153 -5.996300
154 -5.996300
155 -5.996300
156 -5.996300
157 -5.996300
158 -5.996300
159 -5.996300
160 -5.996300
161 -5.996300
162 -5.996300
163 -5.996300
164 -5.996300
165 -5.996300
166 -5.996300
167 -5.996300
168 -5.996300
169 -5.996300
170 -5.996300
171 -5.996300
172 -5.996300
173 -5.996300
174 -5.996300
175 -5.996300
176 -5.996300
177 -5.996300
178 -5.996300
179 -5.996300
180 -5.996300
181 -5.996300
182 -5.996300
183 -5.996300
184 -5.996300
185 -5.996300
186 -5.996300
187 -5.996300
188 -5.996300
189 -5.996300
190 -5.996300
191 -5.996300
192 -5.996300
193 -5.996300
194 -5.996300
195 -5.996300
196 -5.996300
197 -5.996300
198 -5.996300
199 -5.996300
