-6 0
-6 0
-6 0
-6 0
-6 0
-6 0
-6 0
-6 -0.85692
-6 -1.6685
-6 -2.4371
-6 -3.165
-6 -3.8544
-6 -4.5072
-6 -5.1256
-6 -5.7111
-6 -6.2657
-6 -6.791
-6 -7.2884
-6 -7.7595
-6 -8.2057
-6 -8.6282
-6 -9.0284
-6 -9.4074
-6 -9.7663
-6 -10.106
-6 -10.428
-6 -10.733
-6 -11.022
-6 -11.295
-6 -11.554
-6 -11.8
-6 -12.032
-6 -12.252
-6 -12.46
-6 -12.657
-6 -12.844
-6 -13.021
-6 -13.189
-6 -13.348
-6 -13.498
-6 -13.64
-6 -13.775
-6 -13.903
-6 -14.024
-6 -14.138
-6 -14.247
-6 -14.35
-6 -14.447
-6 -14.539
-6 -14.626
-6 -14.709
-6 -14.787
-6 -14.861
-6 -14.932
-6 -14.998
-6 -15.061
-6 -15.121
-6 -15.177
-6 -15.231
-6 -15.281
-6 -15.329
-6 -15.375
-6 -15.418
-6 -15.459
-6 -15.497
-6 -15.534
-6 -15.568
-6 -15.601
-6 -15.632
-6 -15.662
-6 -15.689
-6 -15.716
-6 -15.741
-6 -15.764
-6 -15.787
-6 -15.808
-6 -15.828
-6 -15.847
-6 -15.865
-6 -15.882
-6 -15.898
-6 -15.914
-6 -15.928
-6 -15.942
-6 -15.955
-6 -15.967
-6 -15.979
-6 -15.99
-6 -16.001
-6 -16.01
-6 -16.02
-6 -16.029
-6 -16.037
-6 -16.045
-6 -16.053
-6 -16.06
-6 -16.067
-6 -16.073
-6 -16.079
-6 -16.085
-6 -16.09
-6 -16.095
-6 -16.1
-6 -16.105
-6 -16.109
-6 -16.113
-6 -16.117
-6 -16.121
-6 -16.125
-6 -16.128
-6 -16.131
-6 -16.134
-6 -16.137
-6 -16.14
-6 -16.142
-6 -16.145
-6 -16.147
-6 -16.149
-6 -16.151
-6 -16.153
-6 -16.155
-6 -16.157
-6 -16.158
-6 -16.16
-6 -16.161
-6 -16.163
-6 -16.164
-6 -16.165
-6 -16.166
-6 -16.168
-6 -16.169
-6 -16.17
-6 -16.171
-6 -16.172
-6 -16.172
-6 -16.173
-6 -16.174
-6 -16.175
-6 -16.175
-6 -16.176
-6 -16.177
-6 -16.177
-6 -16.178
-6 -16.178
-6 -16.179
-6 -16.179
-6 -16.18
-6 -16.18
-6 -16.181
-6 -16.181
-6 -16.181
-6 -16.182
-6 -16.182
-6 -16.182
-6 -16.183
-6 -16.183
-6 -16.183
-6 -16.183
-6 -16.184
-6 -16.184
-6 -16.184
-6 -16.184
-6 -16.184
-6 -16.185
-6 -16.185
-6 -16.185
-6 -16.185
-6 -16.185
-6 -16.185
-6 -16.185
-6 -16.186
-6 -16.186
-6 -16.186
-6 -16.186
-6 -16.186
-6 -16.186
-6 -16.186
-6 -16.186
-6 -16.186
-6 -16.186
-6 -16.186
-6 -16.187
-6 -16.187
-6 -16.187
-6 -16.187
-6 -16.187
-6 -16.187
-6 -16.187
-6 -16.187
-6 -16.187
-6 -16.187
-6 -16.187
-6 -16.187
-6 -16.187
-6 -16.187
-6 -16.187
-6 -16.187
-6 -16.187
-6 -16.187
-6 -16.187
