3 0
3 0
3 0
3 0
3 0
3 0
3 0
3 0.42846
3 0.83424
3 1.2185
3 1.5825
3 1.9272
3 2.2536
3 2.5628
3 2.8556
3 3.1329
3 3.3955
3 3.6442
3 3.8797
3 4.1028
3 4.3141
3 4.5142
3 4.7037
3 4.8831
3 5.0531
3 5.2141
3 5.3665
3 5.5109
3 5.6476
3 5.7771
3 5.8998
3 6.0159
3 6.1259
3 6.2301
3 6.3287
3 6.4222
3 6.5107
3 6.5945
3 6.6739
3 6.749
3 6.8202
3 6.8876
3 6.9515
3 7.012
3 7.0692
3 7.1235
3 7.1748
3 7.2235
3 7.2696
3 7.3132
3 7.3545
3 7.3937
3 7.4307
3 7.4658
3 7.4991
3 7.5306
3 7.5604
3 7.5886
3 7.6154
3 7.6407
3 7.6647
3 7.6874
3 7.7089
3 7.7293
3 7.7486
3 7.7669
3 7.7842
3 7.8006
3 7.8161
3 7.8308
3 7.8447
3 7.8579
3 7.8704
3 7.8822
3 7.8934
3 7.9041
3 7.9141
3 7.9236
3 7.9326
3 7.9412
3 7.9492
3 7.9569
3 7.9642
3 7.971
3 7.9775
3 7.9837
3 7.9895
3 7.995
3 8.0003
3 8.0052
3 8.0099
3 8.0144
3 8.0186
3 8.0226
3 8.0263
3 8.0299
3 8.0333
3 8.0365
3 8.0395
3 8.0424
3 8.0451
3 8.0477
3 8.0502
3 8.0525
3 8.0547
3 8.0567
3 8.0587
3 8.0606
3 8.0623
3 8.064
3 8.0656
3 8.0671
3 8.0685
3 8.0698
3 8.0711
3 8.0723
3 8.0735
3 8.0745
3 8.0756
3 8.0765
3 8.0774
3 8.0783
3 8.0791
3 8.0799
3 8.0807
3 8.0814
3 8.082
3 8.0826
3 8.0832
3 8.0838
3 8.0843
3 8.0848
3 8.0853
3 8.0858
3 8.0862
3 8.0866
3 8.087
3 8.0874
3 8.0877
3 8.088
3 8.0883
3 8.0886
3 8.0889
3 8.0892
3 8.0894
3 8.0897
3 8.0899
3 8.0901
3 8.0903
3 8.0905
3 8.0907
3 8.0908
3 8.091
3 8.0911
3 8.0913
3 8.0914
3 8.0915
3 8.0917
3 8.0918
3 8.0919
3 8.092
3 8.0921
3 8.0922
3 8.0923
3 8.0924
3 8.0924
3 8.0925
3 8.0926
3 8.0927
3 8.0927
3 8.0928
3 8.0928
3 8.0929
3 8.0929
3 8.093
3 8.093
3 8.0931
3 8.0931
3 8.0932
3 8.0932
3 8.0932
3 8.0933
3 8.0933
3 8.0933
3 8.0934
3 8.0934
3 8.0934
3 8.0934
3 8.0935
3 8.0935
3 8.0935
3 8.0935
3 8.0935
3 8.0936
3 8.0936
3 8.0936
3 8.0936
3 8.0936
3 8.0936
3 8.0936
