-8 0
-8 0
-8 0
-8 0
-8 0
-8 0
-8 0
-8 -1.1426
-8 -2.2246
-8 -3.2494
-8 -4.22
-8 -5.1391
-8 -6.0097
-8 -6.8341
-8 -7.6149
-8 -8.3543
-8 -9.0546
-8 -9.7179
-8 -10.346
-8 -10.941
-8 -11.504
-8 -12.038
-8 -12.543
-8 -13.022
-8 -13.475
-8 -13.904
-8 -14.311
-8 -14.696
-8 -15.06
-8 -15.406
-8 -15.733
-8 -16.042
-8 -16.336
-8 -16.614
-8 -16.877
-8 -17.126
-8 -17.362
-8 -17.585
-8 -17.797
-8 -17.997
-8 -18.187
-8 -18.367
-8 -18.537
-8 -18.699
-8 -18.851
-8 -18.996
-8 -19.133
-8 -19.263
-8 -19.386
-8 -19.502
-8 -19.612
-8 -19.716
-8 -19.815
-8 -19.909
-8 -19.998
-8 -20.082
-8 -20.161
-8 -20.236
-8 -20.308
-8 -20.375
-8 -20.439
-8 -20.5
-8 -20.557
-8 -20.611
-8 -20.663
-8 -20.712
-8 -20.758
-8 -20.802
-8 -20.843
-8 -20.882
-8 -20.919
-8 -20.954
-8 -20.988
-8 -21.019
-8 -21.049
-8 -21.077
-8 -21.104
-8 -21.13
-8 -21.154
-8 -21.176
-8 -21.198
-8 -21.218
-8 -21.238
-8 -21.256
-8 -21.273
-8 -21.29
-8 -21.305
-8 -21.32
-8 -21.334
-8 -21.347
-8 -21.36
-8 -21.372
-8 -21.383
-8 -21.393
-8 -21.404
-8 -21.413
-8 -21.422
-8 -21.431
-8 -21.439
-8 -21.446
-8 -21.454
-8 -21.461
-8 -21.467
-8 -21.473
-8 -21.479
-8 -21.485
-8 -21.49
-8 -21.495
-8 -21.5
-8 -21.504
-8 -21.508
-8 -21.512
-8 -21.516
-8 -21.52
-8 -21.523
-8 -21.526
-8 -21.529
-8 -21.532
-8 -21.535
-8 -21.537
-8 -21.54
-8 -21.542
-8 -21.544
-8 -21.546
-8 -21.548
-8 -21.55
-8 -21.552
-8 -21.554
-8 -21.555
-8 -21.557
-8 -21.558
-8 -21.56
-8 -21.561
-8 -21.562
-8 -21.563
-8 -21.564
-8 -21.565
-8 -21.566
-8 -21.567
-8 -21.568
-8 -21.569
-8 -21.57
-8 -21.57
-8 -21.571
-8 -21.572
-8 -21.572
-8 -21.573
-8 -21.574
-8 -21.574
-8 -21.575
-8 -21.575
-8 -21.576
-8 -21.576
-8 -21.576
-8 -21.577
-8 -21.577
-8 -21.577
-8 -21.578
-8 -21.578
-8 -21.578
-8 -21.579
-8 -21.579
-8 -21.579
-8 -21.579
-8 -21.58
-8 -21.58
-8 -21.58
-8 -21.58
-8 -21.58
-8 -21.581
-8 -21.581
-8 -21.581
-8 -21.581
-8 -21.581
-8 -21.581
-8 -21.581
-8 -21.582
-8 -21.582
-8 -21.582
-8 -21.582
-8 -21.582
-8 -21.582
-8 -21.582
-8 -21.582
-8 -21.582
-8 -21.582
-8 -21.582
-8 -21.582
-8 -21.583
-8 -21.583
-8 -21.583
-8 -21.583
-8 -21.583
-8 -21.583
-8 -21.583
-8 -21.583
-8 -21.583
-8 -21.583
-8 -21.583
-8 -21.583
