-1 0
-1 0
-1 0
-1 0
-1 0
-1 0
-1 0
-1 -0.14282
-1 -0.27808
-1 -0.40618
-1 -0.5275
-1 -0.64239
-1 -0.75121
-1 -0.85426
-1 -0.95186
-1 -1.0443
-1 -1.1318
-1 -1.2147
-1 -1.2932
-1 -1.3676
-1 -1.438
-1 -1.5047
-1 -1.5679
-1 -1.6277
-1 -1.6844
-1 -1.738
-1 -1.7888
-1 -1.837
-1 -1.8825
-1 -1.9257
-1 -1.9666
-1 -2.0053
-1 -2.042
-1 -2.0767
-1 -2.1096
-1 -2.1407
-1 -2.1702
-1 -2.1982
-1 -2.2246
-1 -2.2497
-1 -2.2734
-1 -2.2959
-1 -2.3172
-1 -2.3373
-1 -2.3564
-1 -2.3745
-1 -2.3916
-1 -2.4078
-1 -2.4232
-1 -2.4377
-1 -2.4515
-1 -2.4646
-1 -2.4769
-1 -2.4886
-1 -2.4997
-1 -2.5102
-1 -2.5201
-1 -2.5295
-1 -2.5385
-1 -2.5469
-1 -2.5549
-1 -2.5625
-1 -2.5696
-1 -2.5764
-1 -2.5829
-1 -2.589
-1 -2.5947
-1 -2.6002
-1 -2.6054
-1 -2.6103
-1 -2.6149
-1 -2.6193
-1 -2.6235
-1 -2.6274
-1 -2.6311
-1 -2.6347
-1 -2.638
-1 -2.6412
-1 -2.6442
-1 -2.6471
-1 -2.6497
-1 -2.6523
-1 -2.6547
-1 -2.657
-1 -2.6592
-1 -2.6612
-1 -2.6632
-1 -2.665
-1 -2.6668
-1 -2.6684
-1 -2.67
-1 -2.6715
-1 -2.6729
-1 -2.6742
-1 -2.6754
-1 -2.6766
-1 -2.6778
-1 -2.6788
-1 -2.6798
-1 -2.6808
-1 -2.6817
-1 -2.6826
-1 -2.6834
-1 -2.6842
-1 -2.6849
-1 -2.6856
-1 -2.6862
-1 -2.6869
-1 -2.6874
-1 -2.688
-1 -2.6885
-1 -2.689
-1 -2.6895
-1 -2.6899
-1 -2.6904
-1 -2.6908
-1 -2.6912
-1 -2.6915
-1 -2.6919
-1 -2.6922
-1 -2.6925
-1 -2.6928
-1 -2.693
-1 -2.6933
-1 -2.6936
-1 -2.6938
-1 -2.694
-1 -2.6942
-1 -2.6944
-1 -2.6946
-1 -2.6948
-1 -2.6949
-1 -2.6951
-1 -2.6953
-1 -2.6954
-1 -2.6955
-1 -2.6957
-1 -2.6958
-1 -2.6959
-1 -2.696
-1 -2.6961
-1 -2.6962
-1 -2.6963
-1 -2.6964
-1 -2.6965
-1 -2.6966
-1 -2.6966
-1 -2.6967
-1 -2.6968
-1 -2.6968
-1 -2.6969
-1 -2.6969
-1 -2.697
-1 -2.697
-1 -2.6971
-1 -2.6971
-1 -2.6972
-1 -2.6972
-1 -2.6973
-1 -2.6973
-1 -2.6973
-1 -2.6974
-1 -2.6974
-1 -2.6974
-1 -2.6975
-1 -2.6975
-1 -2.6975
-1 -2.6975
-1 -2.6976
-1 -2.6976
-1 -2.6976
-1 -2.6976
-1 -2.6976
-1 -2.6976
-1 -2.6977
-1 -2.6977
-1 -2.6977
-1 -2.6977
-1 -2.6977
-1 -2.6977
-1 -2.6977
-1 -2.6978
-1 -2.6978
-1 -2.6978
-1 -2.6978
-1 -2.6978
-1 -2.6978
-1 -2.6978
-1 -2.6978
-1 -2.6978
-1 -2.6978
-1 -2.6978
-1 -2.6978
-1 -2.6979
-1 -2.6979
-1 -2.6979
-1 -2.6979
-1 -2.6979
-1 -2.6979
-1 -2.6979
