4 0
4 0
4 0
4 0
4 0
4 0
4 0
4 0.57128
4 1.1123
4 1.6247
4 2.11
4 2.5696
4 3.0048
4 3.417
4 3.8074
4 4.1772
4 4.5273
4 4.8589
4 5.173
4 5.4704
4 5.7521
4 6.0189
4 6.2716
4 6.5109
4 6.7375
4 6.9521
4 7.1554
4 7.3479
4 7.5302
4 7.7028
4 7.8663
4 8.0212
4 8.1679
4 8.3068
4 8.4383
4 8.5629
4 8.6809
4 8.7926
4 8.8985
4 8.9987
4 9.0936
4 9.1835
4 9.2687
4 9.3493
4 9.4256
4 9.498
4 9.5665
4 9.6313
4 9.6928
4 9.7509
4 9.806
4 9.8582
4 9.9076
4 9.9544
4 9.9988
4 10.041
4 10.081
4 10.118
4 10.154
4 10.188
4 10.22
4 10.25
4 10.279
4 10.306
4 10.331
4 10.356
4 10.379
4 10.401
4 10.421
4 10.441
4 10.46
4 10.477
4 10.494
4 10.51
4 10.525
4 10.539
4 10.552
4 10.565
4 10.577
4 10.588
4 10.599
4 10.609
4 10.619
4 10.628
4 10.637
4 10.645
4 10.653
4 10.66
4 10.667
4 10.674
4 10.68
4 10.686
4 10.691
4 10.697
4 10.702
4 10.707
4 10.711
4 10.715
4 10.719
4 10.723
4 10.727
4 10.73
4 10.734
4 10.737
4 10.74
4 10.742
4 10.745
4 10.747
4 10.75
4 10.752
4 10.754
4 10.756
4 10.758
4 10.76
4 10.761
4 10.763
4 10.765
4 10.766
4 10.767
4 10.769
4 10.77
4 10.771
4 10.772
4 10.773
4 10.774
4 10.775
4 10.776
4 10.777
4 10.778
4 10.778
4 10.779
4 10.78
4 10.78
4 10.781
4 10.782
4 10.782
4 10.783
4 10.783
4 10.784
4 10.784
4 10.784
4 10.785
4 10.785
4 10.786
4 10.786
4 10.786
4 10.786
4 10.787
4 10.787
4 10.787
4 10.788
4 10.788
4 10.788
4 10.788
4 10.788
4 10.789
4 10.789
4 10.789
4 10.789
4 10.789
4 10.789
4 10.789
4 10.79
4 10.79
4 10.79
4 10.79
4 10.79
4 10.79
4 10.79
4 10.79
4 10.79
4 10.79
4 10.791
4 10.791
4 10.791
4 10.791
4 10.791
4 10.791
4 10.791
4 10.791
4 10.791
4 10.791
4 10.791
4 10.791
4 10.791
4 10.791
4 10.791
4 10.791
4 10.791
4 10.791
4 10.791
4 10.791
4 10.791
4 10.791
4 10.791
4 10.791
4 10.791
4 10.791
4 10.792
4 10.792
