0 147.82
1 147.65
2 147.55
3 147.5
4 147.49
5 147.52
6 147.59
7 147.69
8 147.82
9 147.97
10 148.13
11 148.31
12 148.51
13 148.72
14 148.93
15 149.15
16 149.38
17 149.61
18 149.84
19 150.08
20 150.31
21 150.54
22 150.77
23 151
24 151.23
25 151.45
26 151.67
27 151.88
28 152.09
29 152.29
30 152.49
31 152.68
32 152.87
33 153.05
34 153.22
35 153.39
36 153.56
37 153.72
38 153.87
39 154.02
40 154.17
41 154.3
42 154.44
43 154.56
44 154.69
45 154.81
46 154.92
47 155.03
48 155.13
49 155.23
50 155.33
51 155.42
52 155.51
53 155.6
54 155.68
55 155.75
56 155.83
57 155.9
58 155.97
59 156.03
60 156.09
61 156.15
62 156.21
63 156.26
64 156.31
65 156.36
66 156.41
67 156.46
68 156.5
69 156.54
70 156.58
71 156.61
72 156.65
73 156.68
74 156.71
75 156.75
76 156.77
77 156.8
78 156.83
79 156.85
80 156.88
81 156.9
82 156.92
83 156.94
84 156.96
85 156.98
86 157
87 157.01
88 157.03
89 157.04
90 157.06
91 157.07
92 157.09
93 157.1
94 157.11
95 157.12
96 157.13
97 157.14
98 157.15
99 157.16
