-2 0
-2 0
-2 0
-2 0
-2 0
-2 0
-2 0
-2 -0.28564
-2 -0.55616
-2 -0.81236
-2 -1.055
-2 -1.2848
-2 -1.5024
-2 -1.7085
-2 -1.9037
-2 -2.0886
-2 -2.2637
-2 -2.4295
-2 -2.5865
-2 -2.7352
-2 -2.8761
-2 -3.0095
-2 -3.1358
-2 -3.2554
-2 -3.3687
-2 -3.476
-2 -3.5777
-2 -3.6739
-2 -3.7651
-2 -3.8514
-2 -3.9332
-2 -4.0106
-2 -4.0839
-2 -4.1534
-2 -4.2192
-2 -4.2815
-2 -4.3404
-2 -4.3963
-2 -4.4492
-2 -4.4993
-2 -4.5468
-2 -4.5918
-2 -4.6343
-2 -4.6746
-2 -4.7128
-2 -4.749
-2 -4.7832
-2 -4.8157
-2 -4.8464
-2 -4.8755
-2 -4.903
-2 -4.9291
-2 -4.9538
-2 -4.9772
-2 -4.9994
-2 -5.0204
-2 -5.0403
-2 -5.0591
-2 -5.0769
-2 -5.0938
-2 -5.1098
-2 -5.1249
-2 -5.1393
-2 -5.1529
-2 -5.1657
-2 -5.1779
-2 -5.1895
-2 -5.2004
-2 -5.2107
-2 -5.2205
-2 -5.2298
-2 -5.2386
-2 -5.2469
-2 -5.2548
-2 -5.2623
-2 -5.2694
-2 -5.2761
-2 -5.2824
-2 -5.2884
-2 -5.2941
-2 -5.2995
-2 -5.3046
-2 -5.3094
-2 -5.314
-2 -5.3183
-2 -5.3225
-2 -5.3263
-2 -5.33
-2 -5.3335
-2 -5.3368
-2 -5.3399
-2 -5.3429
-2 -5.3457
-2 -5.3484
-2 -5.3509
-2 -5.3533
-2 -5.3555
-2 -5.3577
-2 -5.3597
-2 -5.3616
-2 -5.3634
-2 -5.3651
-2 -5.3668
-2 -5.3683
-2 -5.3698
-2 -5.3712
-2 -5.3725
-2 -5.3737
-2 -5.3749
-2 -5.376
-2 -5.3771
-2 -5.3781
-2 -5.379
-2 -5.3799
-2 -5.3807
-2 -5.3815
-2 -5.3823
-2 -5.383
-2 -5.3837
-2 -5.3844
-2 -5.385
-2 -5.3855
-2 -5.3861
-2 -5.3866
-2 -5.3871
-2 -5.3876
-2 -5.388
-2 -5.3884
-2 -5.3888
-2 -5.3892
-2 -5.3896
-2 -5.3899
-2 -5.3902
-2 -5.3905
-2 -5.3908
-2 -5.3911
-2 -5.3913
-2 -5.3916
-2 -5.3918
-2 -5.392
-2 -5.3922
-2 -5.3924
-2 -5.3926
-2 -5.3928
-2 -5.3929
-2 -5.3931
-2 -5.3932
-2 -5.3934
-2 -5.3935
-2 -5.3936
-2 -5.3938
-2 -5.3939
-2 -5.394
-2 -5.3941
-2 -5.3942
-2 -5.3943
-2 -5.3944
-2 -5.3944
-2 -5.3945
-2 -5.3946
-2 -5.3947
-2 -5.3947
-2 -5.3948
-2 -5.3949
-2 -5.3949
-2 -5.395
-2 -5.395
-2 -5.3951
-2 -5.3951
-2 -5.3951
-2 -5.3952
-2 -5.3952
-2 -5.3953
-2 -5.3953
-2 -5.3953
-2 -5.3954
-2 -5.3954
-2 -5.3954
-2 -5.3954
-2 -5.3955
-2 -5.3955
-2 -5.3955
-2 -5.3955
-2 -5.3956
-2 -5.3956
-2 -5.3956
-2 -5.3956
-2 -5.3956
-2 -5.3956
-2 -5.3957
-2 -5.3957
-2 -5.3957
-2 -5.3957
-2 -5.3957
-2 -5.3957
-2 -5.3957
-2 -5.3957
-2 -5.3957
-2 -5.3958
-2 -5.3958
