1 0
2 0
3 0
4 0
5 0
6 -0.020373
7 -0.063743
8 -0.11195
9 -0.15492
10 -0.18834
11 -0.21152
12 -0.22575
13 -0.23312
14 -0.2358
15 -0.23564
16 -0.23407
17 -0.23201
18 -0.23004
19 -0.22843
20 -0.22726
21 -0.2265
22 -0.22607
23 -0.22589
24 -0.22585
25 -0.2259
26 -0.22599
27 -0.22607
28 -0.22615
29 -0.22621
30 -0.22625
31 -0.22627
32 -0.22628
33 -0.22629
34 -0.22629
35 -0.22628
36 -0.22628
37 -0.22628
38 -0.22627
39 -0.22627
40 -0.22627
41 -0.22627
42 -0.22627
43 -0.22627
44 -0.22627
45 -0.22627
46 -0.22627
47 -0.22627
48 -0.22627
49 -0.22627
50 -0.22627
51 -0.22627
52 -0.22627
53 -0.22627
54 -0.22627
55 -0.22627
56 -0.22627
57 -0.22627
58 -0.22627
59 -0.22627
60 -0.22627
61 -0.22627
62 -0.22627
63 -0.22627
64 -0.22627
65 -0.22627
66 -0.22627
67 -0.22627
68 -0.22627
69 -0.22627
70 -0.22627
71 -0.22627
72 -0.22627
73 -0.22627
74 -0.22627
75 -0.22627
76 -0.22627
77 -0.22627
78 -0.22627
79 -0.22627
80 -0.22627
81 -0.22627
82 -0.22627
83 -0.22627
84 -0.22627
85 -0.22627
86 -0.22627
87 -0.22627
88 -0.22627
89 -0.22627
90 -0.22627
91 -0.22627
92 -0.22627
93 -0.22627
94 -0.22627
95 -0.22627
96 -0.22627
97 -0.22627
98 -0.22627
99 -0.22627
100 -0.22627
101 -0.22627
102 -0.22627
103 -0.22627
104 -0.22627
105 -0.22627
106 -0.22627
107 -0.22627
108 -0.22627
109 -0.22627
110 -0.22627
111 -0.22627
112 -0.22627
113 -0.22627
114 -0.22627
115 -0.22627
116 -0.22627
117 -0.22627
118 -0.22627
119 -0.22627
120 -0.22627
121 -0.22627
122 -0.22627
123 -0.22627
124 -0.22627
125 -0.22627
126 -0.22627
127 -0.22627
128 -0.22627
129 -0.22627
130 -0.22627
131 -0.22627
132 -0.22627
133 -0.22627
134 -0.22627
135 -0.22627
136 -0.22627
137 -0.22627
138 -0.22627
139 -0.22627
140 -0.22627
141 -0.22627
142 -0.22627
143 -0.22627
144 -0.22627
145 -0.22627
146 -0.22627
147 -0.22627
148 -0.22627
149 -0.22627
150 -0.22627
151 -0.22627
152 -0.22627
153 -0.22627
154 -0.22627
155 -0.22627
156 -0.22627
157 -0.22627
158 -0.22627
159 -0.22627
160 -0.22627
161 -0.22627
162 -0.22627
163 -0.22627
164 -0.22627
165 -0.22627
166 -0.22627
167 -0.22627
168 -0.22627
169 -0.22627
170 -0.22627
171 -0.22627
172 -0.22627
173 -0.22627
174 -0.22627
175 -0.22627
176 -0.22627
177 -0.22627
178 -0.22627
179 -0.22627
180 -0.22627
181 -0.22627
182 -0.22627
183 -0.22627
184 -0.22627
185 -0.22627
186 -0.22627
187 -0.22627
188 -0.22627
189 -0.22627
190 -0.22627
191 -0.22627
192 -0.22627
193 -0.22627
194 -0.22627
195 -0.22627
196 -0.22627
197 -0.22627
198 -0.22627
199 -0.22627
200 -0.22627
