1 0
2 0
3 0
4 0
5 0
6 -0.043252
7 -0.14421
8 -0.26999
9 -0.39844
10 -0.51605
11 -0.61577
12 -0.69509
13 -0.7545
14 -0.79621
15 -0.82328
16 -0.83894
17 -0.84624
18 -0.84783
19 -0.84584
20 -0.8419
21 -0.83717
22 -0.83242
23 -0.82812
24 -0.82452
25 -0.82167
26 -0.81955
27 -0.81808
28 -0.81714
29 -0.81661
30 -0.81637
31 -0.81633
32 -0.81642
33 -0.81657
34 -0.81675
35 -0.81693
36 -0.81708
37 -0.81721
38 -0.81732
39 -0.81739
40 -0.81744
41 -0.81748
42 -0.81749
43 -0.8175
44 -0.8175
45 -0.8175
46 -0.81749
47 -0.81749
48 -0.81748
49 -0.81747
50 -0.81747
51 -0.81746
52 -0.81746
53 -0.81746
54 -0.81746
55 -0.81746
56 -0.81746
57 -0.81746
58 -0.81746
59 -0.81746
60 -0.81746
61 -0.81746
62 -0.81746
63 -0.81746
64 -0.81746
65 -0.81746
66 -0.81746
67 -0.81746
68 -0.81746
69 -0.81746
70 -0.81746
71 -0.81746
72 -0.81746
73 -0.81746
74 -0.81746
75 -0.81746
76 -0.81746
77 -0.81746
78 -0.81746
79 -0.81746
80 -0.81746
81 -0.81746
82 -0.81746
83 -0.81746
84 -0.81746
85 -0.81746
86 -0.81746
87 -0.81746
88 -0.81746
89 -0.81746
90 -0.81746
91 -0.81746
92 -0.81746
93 -0.81746
94 -0.81746
95 -0.81746
96 -0.81746
97 -0.81746
98 -0.81746
99 -0.81746
100 -0.81746
101 -0.81746
102 -0.81746
103 -0.81746
104 -0.81746
105 -0.81746
106 -0.81746
107 -0.81746
108 -0.81746
109 -0.81746
110 -0.81746
111 -0.81746
112 -0.81746
113 -0.81746
114 -0.81746
115 -0.81746
116 -0.81746
117 -0.81746
118 -0.81746
119 -0.81746
120 -0.81746
121 -0.81746
122 -0.81746
123 -0.81746
124 -0.81746
125 -0.81746
126 -0.81746
127 -0.81746
128 -0.81746
129 -0.81746
130 -0.81746
131 -0.81746
132 -0.81746
133 -0.81746
134 -0.81746
135 -0.81746
136 -0.81746
137 -0.81746
138 -0.81746
139 -0.81746
140 -0.81746
141 -0.81746
142 -0.81746
143 -0.81746
144 -0.81746
145 -0.81746
146 -0.81746
147 -0.81746
148 -0.81746
149 -0.81746
150 -0.81746
151 -0.81746
152 -0.81746
153 -0.81746
154 -0.81746
155 -0.81746
156 -0.81746
157 -0.81746
158 -0.81746
159 -0.81746
160 -0.81746
161 -0.81746
162 -0.81746
163 -0.81746
164 -0.81746
165 -0.81746
166 -0.81746
167 -0.81746
168 -0.81746
169 -0.81746
170 -0.81746
171 -0.81746
172 -0.81746
173 -0.81746
174 -0.81746
175 -0.81746
176 -0.81746
177 -0.81746
178 -0.81746
179 -0.81746
180 -0.81746
181 -0.81746
182 -0.81746
183 -0.81746
184 -0.81746
185 -0.81746
186 -0.81746
187 -0.81746
188 -0.81746
189 -0.81746
190 -0.81746
191 -0.81746
192 -0.81746
193 -0.81746
194 -0.81746
195 -0.81746
196 -0.81746
197 -0.81746
198 -0.81746
199 -0.81746
200 -0.81746
