1 0
2 0
3 0
4 0
5 0
6 -0.09018
7 -0.31393
8 -0.61497
9 -0.95205
10 -1.296
11 -1.627
12 -1.9327
13 -2.206
14 -2.4442
15 -2.6468
16 -2.8156
17 -2.9535
18 -3.0637
19 -3.1502
20 -3.2164
21 -3.2658
22 -3.3016
23 -3.3266
24 -3.343
25 -3.3531
26 -3.3583
27 -3.3601
28 -3.3595
29 -3.3574
30 -3.3543
31 -3.3508
32 -3.3472
33 -3.3436
34 -3.3403
35 -3.3374
36 -3.3348
37 -3.3326
38 -3.3308
39 -3.3292
40 -3.328
41 -3.3271
42 -3.3263
43 -3.3258
44 -3.3254
45 -3.3251
46 -3.3249
47 -3.3248
48 -3.3247
49 -3.3247
50 -3.3247
51 -3.3247
52 -3.3247
53 -3.3248
54 -3.3248
55 -3.3249
56 -3.3249
57 -3.3249
58 -3.3249
59 -3.325
60 -3.325
61 -3.325
62 -3.325
63 -3.325
64 -3.325
65 -3.325
66 -3.3251
67 -3.3251
68 -3.3251
69 -3.3251
70 -3.3251
71 -3.3251
72 -3.3251
73 -3.3251
74 -3.3251
75 -3.3251
76 -3.3251
77 -3.3251
78 -3.3251
79 -3.3251
80 -3.3251
81 -3.3251
82 -3.3251
83 -3.3251
84 -3.3251
85 -3.3251
86 -3.3251
87 -3.3251
88 -3.3251
89 -3.3251
90 -3.3251
91 -3.3251
92 -3.3251
93 -3.3251
94 -3.3251
95 -3.3251
96 -3.3251
97 -3.3251
98 -3.3251
99 -3.3251
100 -3.3251
101 -3.3251
102 -3.3251
103 -3.3251
104 -3.3251
105 -3.3251
106 -3.3251
107 -3.3251
108 -3.3251
109 -3.3251
110 -3.3251
111 -3.3251
112 -3.3251
113 -3.3251
114 -3.3251
115 -3.3251
116 -3.3251
117 -3.3251
118 -3.3251
119 -3.3251
120 -3.3251
121 -3.3251
122 -3.3251
123 -3.3251
124 -3.3251
125 -3.3251
126 -3.3251
127 -3.3251
128 -3.3251
129 -3.3251
130 -3.3251
131 -3.3251
132 -3.3251
133 -3.3251
134 -3.3251
135 -3.3251
136 -3.3251
137 -3.3251
138 -3.3251
139 -3.3251
140 -3.3251
141 -3.3251
142 -3.3251
143 -3.3251
144 -3.3251
145 -3.3251
146 -3.3251
147 -3.3251
148 -3.3251
149 -3.3251
150 -3.3251
151 -3.3251
152 -3.3251
153 -3.3251
154 -3.3251
155 -3.3251
156 -3.3251
157 -3.3251
158 -3.3251
159 -3.3251
160 -3.3251
161 -3.3251
162 -3.3251
163 -3.3251
164 -3.3251
165 -3.3251
166 -3.3251
167 -3.3251
168 -3.3251
169 -3.3251
170 -3.3251
171 -3.3251
172 -3.3251
173 -3.3251
174 -3.3251
175 -3.3251
176 -3.3251
177 -3.3251
178 -3.3251
179 -3.3251
180 -3.3251
181 -3.3251
182 -3.3251
183 -3.3251
184 -3.3251
185 -3.3251
186 -3.3251
187 -3.3251
188 -3.3251
189 -3.3251
190 -3.3251
191 -3.3251
192 -3.3251
193 -3.3251
194 -3.3251
195 -3.3251
196 -3.3251
197 -3.3251
198 -3.3251
199 -3.3251
200 -3.3251
