1 0
2 0
3 0
4 0
5 0
6 0.04241
7 0.083118
8 0.1044
9 0.11411
10 0.11832
11 0.12012
12 0.12088
13 0.12119
14 0.12133
15 0.12138
16 0.12141
17 0.12142
18 0.12142
19 0.12142
20 0.12142
21 0.12142
22 0.12143
23 0.12143
24 0.12143
25 0.12143
26 0.12143
27 0.12143
28 0.12143
29 0.12143
30 0.12143
31 0.12143
32 0.12143
33 0.12143
34 0.12143
35 0.12143
36 0.12143
37 0.12143
38 0.12143
39 0.12143
40 0.12143
41 0.12143
42 0.12143
43 0.12143
44 0.12143
45 0.12143
46 0.12143
47 0.12143
48 0.12143
49 0.12143
50 0.12143
51 0.12143
52 0.12143
53 0.12143
54 0.12143
55 0.12143
56 0.12143
57 0.12143
58 0.12143
59 0.12143
60 0.12143
61 0.12143
62 0.12143
63 0.12143
64 0.12143
65 0.12143
66 0.12143
67 0.12143
68 0.12143
69 0.12143
70 0.12143
71 0.12143
72 0.12143
73 0.12143
74 0.12143
75 0.12143
76 0.12143
77 0.12143
78 0.12143
79 0.12143
80 0.12143
81 0.12143
82 0.12143
83 0.12143
84 0.12143
85 0.12143
86 0.12143
87 0.12143
88 0.12143
89 0.12143
90 0.12143
91 0.12143
92 0.12143
93 0.12143
94 0.12143
95 0.12143
96 0.12143
97 0.12143
98 0.12143
99 0.12143
100 0.12143
101 0.12143
102 0.12143
103 0.12143
104 0.12143
105 0.12143
106 0.12143
107 0.12143
108 0.12143
109 0.12143
110 0.12143
111 0.12143
112 0.12143
113 0.12143
114 0.12143
115 0.12143
116 0.12143
117 0.12143
118 0.12143
119 0.12143
120 0.12143
121 0.12143
122 0.12143
123 0.12143
124 0.12143
125 0.12143
126 0.12143
127 0.12143
128 0.12143
129 0.12143
130 0.12143
131 0.12143
132 0.12143
133 0.12143
134 0.12143
135 0.12143
136 0.12143
137 0.12143
138 0.12143
139 0.12143
140 0.12143
141 0.12143
142 0.12143
143 0.12143
144 0.12143
145 0.12143
146 0.12143
147 0.12143
148 0.12143
149 0.12143
150 0.12143
151 0.12143
152 0.12143
153 0.12143
154 0.12143
155 0.12143
156 0.12143
157 0.12143
158 0.12143
159 0.12143
160 0.12143
161 0.12143
162 0.12143
163 0.12143
164 0.12143
165 0.12143
166 0.12143
167 0.12143
168 0.12143
169 0.12143
170 0.12143
171 0.12143
172 0.12143
173 0.12143
174 0.12143
175 0.12143
176 0.12143
177 0.12143
178 0.12143
179 0.12143
180 0.12143
181 0.12143
182 0.12143
183 0.12143
184 0.12143
185 0.12143
186 0.12143
187 0.12143
188 0.12143
189 0.12143
190 0.12143
191 0.12143
192 0.12143
193 0.12143
194 0.12143
195 0.12143
196 0.12143
197 0.12143
198 0.12143
199 0.12143
200 0.12143
