1 0
2 0
3 0
4 0
5 0
6 -0.066673
7 -0.22871
8 -0.44106
9 -0.67149
10 -0.89812
11 -1.1072
12 -1.291
13 -1.4463
14 -1.5731
15 -1.673
16 -1.749
17 -1.8047
18 -1.8435
19 -1.869
20 -1.8843
21 -1.8919
22 -1.8941
23 -1.8928
24 -1.8892
25 -1.8844
26 -1.8792
27 -1.8741
28 -1.8694
29 -1.8652
30 -1.8616
31 -1.8587
32 -1.8564
33 -1.8547
34 -1.8534
35 -1.8525
36 -1.8519
37 -1.8516
38 -1.8514
39 -1.8513
40 -1.8514
41 -1.8514
42 -1.8515
43 -1.8517
44 -1.8518
45 -1.8519
46 -1.852
47 -1.8521
48 -1.8521
49 -1.8522
50 -1.8522
51 -1.8522
52 -1.8523
53 -1.8523
54 -1.8523
55 -1.8523
56 -1.8523
57 -1.8523
58 -1.8523
59 -1.8523
60 -1.8523
61 -1.8523
62 -1.8523
63 -1.8523
64 -1.8523
65 -1.8523
66 -1.8523
67 -1.8523
68 -1.8523
69 -1.8523
70 -1.8523
71 -1.8523
72 -1.8523
73 -1.8523
74 -1.8523
75 -1.8523
76 -1.8523
77 -1.8523
78 -1.8523
79 -1.8523
80 -1.8523
81 -1.8523
82 -1.8523
83 -1.8523
84 -1.8523
85 -1.8523
86 -1.8523
87 -1.8523
88 -1.8523
89 -1.8523
90 -1.8523
91 -1.8523
92 -1.8523
93 -1.8523
94 -1.8523
95 -1.8523
96 -1.8523
97 -1.8523
98 -1.8523
99 -1.8523
100 -1.8523
101 -1.8523
102 -1.8523
103 -1.8523
104 -1.8523
105 -1.8523
106 -1.8523
107 -1.8523
108 -1.8523
109 -1.8523
110 -1.8523
111 -1.8523
112 -1.8523
113 -1.8523
114 -1.8523
115 -1.8523
116 -1.8523
117 -1.8523
118 -1.8523
119 -1.8523
120 -1.8523
121 -1.8523
122 -1.8523
123 -1.8523
124 -1.8523
125 -1.8523
126 -1.8523
127 -1.8523
128 -1.8523
129 -1.8523
130 -1.8523
131 -1.8523
132 -1.8523
133 -1.8523
134 -1.8523
135 -1.8523
136 -1.8523
137 -1.8523
138 -1.8523
139 -1.8523
140 -1.8523
141 -1.8523
142 -1.8523
143 -1.8523
144 -1.8523
145 -1.8523
146 -1.8523
147 -1.8523
148 -1.8523
149 -1.8523
150 -1.8523
151 -1.8523
152 -1.8523
153 -1.8523
154 -1.8523
155 -1.8523
156 -1.8523
157 -1.8523
158 -1.8523
159 -1.8523
160 -1.8523
161 -1.8523
162 -1.8523
163 -1.8523
164 -1.8523
165 -1.8523
166 -1.8523
167 -1.8523
168 -1.8523
169 -1.8523
170 -1.8523
171 -1.8523
172 -1.8523
173 -1.8523
174 -1.8523
175 -1.8523
176 -1.8523
177 -1.8523
178 -1.8523
179 -1.8523
180 -1.8523
181 -1.8523
182 -1.8523
183 -1.8523
184 -1.8523
185 -1.8523
186 -1.8523
187 -1.8523
188 -1.8523
189 -1.8523
190 -1.8523
191 -1.8523
192 -1.8523
193 -1.8523
194 -1.8523
195 -1.8523
196 -1.8523
197 -1.8523
198 -1.8523
199 -1.8523
200 -1.8523
