1 0
2 0
3 0
4 0
5 0
6 0.02947
7 0.061516
8 0.079647
9 0.088079
10 0.091619
11 0.093007
12 0.093523
13 0.093707
14 0.09377
15 0.093791
16 0.093797
17 0.093799
18 0.0938
19 0.0938
20 0.0938
21 0.0938
22 0.0938
23 0.0938
24 0.0938
25 0.0938
26 0.0938
27 0.0938
28 0.0938
29 0.0938
30 0.0938
31 0.0938
32 0.0938
33 0.0938
34 0.0938
35 0.0938
36 0.0938
37 0.0938
38 0.0938
39 0.0938
40 0.0938
41 0.0938
42 0.0938
43 0.0938
44 0.0938
45 0.0938
46 0.0938
47 0.0938
48 0.0938
49 0.0938
50 0.0938
51 0.0938
52 0.0938
53 0.0938
54 0.0938
55 0.0938
56 0.0938
57 0.0938
58 0.0938
59 0.0938
60 0.0938
61 0.0938
62 0.0938
63 0.0938
64 0.0938
65 0.0938
66 0.0938
67 0.0938
68 0.0938
69 0.0938
70 0.0938
71 0.0938
72 0.0938
73 0.0938
74 0.0938
75 0.0938
76 0.0938
77 0.0938
78 0.0938
79 0.0938
80 0.0938
81 0.0938
82 0.0938
83 0.0938
84 0.0938
85 0.0938
86 0.0938
87 0.0938
88 0.0938
89 0.0938
90 0.0938
91 0.0938
92 0.0938
93 0.0938
94 0.0938
95 0.0938
96 0.0938
97 0.0938
98 0.0938
99 0.0938
100 0.0938
101 0.0938
102 0.0938
103 0.0938
104 0.0938
105 0.0938
106 0.0938
107 0.0938
108 0.0938
109 0.0938
110 0.0938
111 0.0938
112 0.0938
113 0.0938
114 0.0938
115 0.0938
116 0.0938
117 0.0938
118 0.0938
119 0.0938
120 0.0938
121 0.0938
122 0.0938
123 0.0938
124 0.0938
125 0.0938
126 0.0938
127 0.0938
128 0.0938
129 0.0938
130 0.0938
131 0.0938
132 0.0938
133 0.0938
134 0.0938
135 0.0938
136 0.0938
137 0.0938
138 0.0938
139 0.0938
140 0.0938
141 0.0938
142 0.0938
143 0.0938
144 0.0938
145 0.0938
146 0.0938
147 0.0938
148 0.0938
149 0.0938
150 0.0938
151 0.0938
152 0.0938
153 0.0938
154 0.0938
155 0.0938
156 0.0938
157 0.0938
158 0.0938
159 0.0938
160 0.0938
161 0.0938
162 0.0938
163 0.0938
164 0.0938
165 0.0938
166 0.0938
167 0.0938
168 0.0938
169 0.0938
170 0.0938
171 0.0938
172 0.0938
173 0.0938
174 0.0938
175 0.0938
176 0.0938
177 0.0938
178 0.0938
179 0.0938
180 0.0938
181 0.0938
182 0.0938
183 0.0938
184 0.0938
185 0.0938
186 0.0938
187 0.0938
188 0.0938
189 0.0938
190 0.0938
191 0.0938
192 0.0938
193 0.0938
194 0.0938
195 0.0938
196 0.0938
197 0.0938
198 0.0938
199 0.0938
200 0.0938
