1 0
2 0
3 0
4 0
5 0
6 0.055264
7 0.10443
8 0.12916
9 0.14045
10 0.14547
11 0.14768
12 0.14866
13 0.14909
14 0.14928
15 0.14937
16 0.1494
17 0.14942
18 0.14943
19 0.14943
20 0.14943
21 0.14943
22 0.14943
23 0.14943
24 0.14943
25 0.14943
26 0.14943
27 0.14943
28 0.14943
29 0.14943
30 0.14943
31 0.14943
32 0.14943
33 0.14943
34 0.14943
35 0.14943
36 0.14943
37 0.14943
38 0.14943
39 0.14943
40 0.14943
41 0.14943
42 0.14943
43 0.14943
44 0.14943
45 0.14943
46 0.14943
47 0.14943
48 0.14943
49 0.14943
50 0.14943
51 0.14943
52 0.14943
53 0.14943
54 0.14943
55 0.14943
56 0.14943
57 0.14943
58 0.14943
59 0.14943
60 0.14943
61 0.14943
62 0.14943
63 0.14943
64 0.14943
65 0.14943
66 0.14943
67 0.14943
68 0.14943
69 0.14943
70 0.14943
71 0.14943
72 0.14943
73 0.14943
74 0.14943
75 0.14943
76 0.14943
77 0.14943
78 0.14943
79 0.14943
80 0.14943
81 0.14943
82 0.14943
83 0.14943
84 0.14943
85 0.14943
86 0.14943
87 0.14943
88 0.14943
89 0.14943
90 0.14943
91 0.14943
92 0.14943
93 0.14943
94 0.14943
95 0.14943
96 0.14943
97 0.14943
98 0.14943
99 0.14943
100 0.14943
101 0.14943
102 0.14943
103 0.14943
104 0.14943
105 0.14943
106 0.14943
107 0.14943
108 0.14943
109 0.14943
110 0.14943
111 0.14943
112 0.14943
113 0.14943
114 0.14943
115 0.14943
116 0.14943
117 0.14943
118 0.14943
119 0.14943
120 0.14943
121 0.14943
122 0.14943
123 0.14943
124 0.14943
125 0.14943
126 0.14943
127 0.14943
128 0.14943
129 0.14943
130 0.14943
131 0.14943
132 0.14943
133 0.14943
134 0.14943
135 0.14943
136 0.14943
137 0.14943
138 0.14943
139 0.14943
140 0.14943
141 0.14943
142 0.14943
143 0.14943
144 0.14943
145 0.14943
146 0.14943
147 0.14943
148 0.14943
149 0.14943
150 0.14943
151 0.14943
152 0.14943
153 0.14943
154 0.14943
155 0.14943
156 0.14943
157 0.14943
158 0.14943
159 0.14943
160 0.14943
161 0.14943
162 0.14943
163 0.14943
164 0.14943
165 0.14943
166 0.14943
167 0.14943
168 0.14943
169 0.14943
170 0.14943
171 0.14943
172 0.14943
173 0.14943
174 0.14943
175 0.14943
176 0.14943
177 0.14943
178 0.14943
179 0.14943
180 0.14943
181 0.14943
182 0.14943
183 0.14943
184 0.14943
185 0.14943
186 0.14943
187 0.14943
188 0.14943
189 0.14943
190 0.14943
191 0.14943
192 0.14943
193 0.14943
194 0.14943
195 0.14943
196 0.14943
197 0.14943
198 0.14943
199 0.14943
200 0.14943
