0 0.000000
1 0.000000
2 0.000000
3 0.000000
4 0.000000
5 0.000000
6 0.000000
7 -0.285640
8 -0.556160
9 -0.812360
10 -1.055000
11 -1.284800
12 -1.502400
13 -1.708500
14 -1.903700
15 -2.088600
16 -2.263700
17 -2.429500
18 -2.586500
19 -2.735200
20 -2.876100
21 -3.009500
22 -3.135800
23 -3.255400
24 -3.368700
25 -3.476000
26 -3.577700
27 -3.673900
28 -3.765100
29 -3.851400
30 -3.933200
31 -4.010600
32 -4.083900
33 -4.153400
34 -4.219200
35 -4.281500
36 -4.340400
37 -4.396300
38 -4.449200
39 -4.499300
40 -4.546800
41 -4.591800
42 -4.634300
43 -4.674600
44 -4.712800
45 -4.749000
46 -4.783200
47 -4.815700
48 -4.846400
49 -4.875500
50 -4.903000
51 -4.929100
52 -4.953800
53 -4.977200
54 -4.999400
55 -5.020400
56 -5.040300
57 -5.059100
58 -5.076900
59 -5.093800
60 -5.109800
61 -5.124900
62 -5.139300
63 -5.152900
64 -5.165700
65 -5.177900
66 -5.189500
67 -5.200400
68 -5.210700
69 -5.220500
70 -5.229800
71 -5.238600
72 -5.246900
73 -5.254800
74 -5.262300
75 -5.269400
76 -5.276100
77 -5.282400
78 -5.288400
79 -5.294100
80 -5.299500
81 -5.304600
82 -5.309400
83 -5.314000
84 -5.318300
85 -5.322500
86 -5.326300
87 -5.330000
88 -5.333500
89 -5.336800
90 -5.339900
91 -5.342900
92 -5.345700
93 -5.348400
94 -5.350900
95 -5.353300
96 -5.355500
97 -5.357700
98 -5.359700
99 -5.361600
100 -5.363400
101 -5.365100
102 -5.366800
103 -5.368300
104 -5.369800
105 -5.371200
106 -5.372500
107 -5.373700
108 -5.374900
109 -5.376000
110 -5.377100
111 -5.378100
112 -5.379000
113 -5.379900
114 -5.380700
115 -5.381500
116 -5.382300
117 -5.383000
118 -5.383700
119 -5.384400
120 -5.385000
121 -5.385500
122 -5.386100
123 -5.386600
124 -5.387100
125 -5.387600
126 -5.388000
127 -5.388400
128 -5.388800
129 -5.389200
130 -5.389600
131 -5.389900
132 -5.390200
133 -5.390500
134 -5.390800
135 -5.391100
136 -5.391300
137 -5.391600
138 -5.391800
139 -5.392000
140 -5.392200
141 -5.392400
142 -5.392600
143 -5.392800
144 -5.392900
145 -5.393100
146 -5.393200
147 -5.393400
148 -5.393500
149 -5.393600
150 -5.393800
151 -5.393900
152 -5.394000
153 -5.394100
154 -5.394200
155 -5.394300
156 -5.394400
157 -5.394400
158 -5.394500
159 -5.394600
160 -5.394700
161 -5.394700
162 -5.394800
163 -5.394900
164 -5.394900
165 -5.395000
166 -5.395000
167 -5.395100
168 -5.395100
169 -5.395100
170 -5.395200
171 -5.395200
172 -5.395300
173 -5.395300
174 -5.395300
175 -5.395400
176 -5.395400
177 -5.395400
178 -5.395400
179 -5.395500
180 -5.395500
181 -5.395500
182 -5.395500
183 -5.395600
184 -5.395600
185 -5.395600
186 -5.395600
187 -5.395600
188 -5.395600
189 -5.395700
190 -5.395700
191 -5.395700
192 -5.395700
193 -5.395700
194 -5.395700
195 -5.395700
196 -5.395700
197 -5.395700
198 -5.395800
199 -5.395800
