0 0.000000
1 0.000000
2 0.000000
3 0.000000
4 0.000000
5 0.000000
6 0.000000
7 1.142600
8 2.224600
9 3.249400
10 4.220000
11 5.139100
12 6.009700
13 6.834100
14 7.614900
15 8.354300
16 9.054600
17 9.717900
18 10.346000
19 10.941000
20 11.504000
21 12.038000
22 12.543000
23 13.022000
24 13.475000
25 13.904000
26 14.311000
27 14.696000
28 15.060000
29 15.406000
30 15.733000
31 16.042000
32 16.336000
33 16.614000
34 16.877000
35 17.126000
36 17.362000
37 17.585000
38 17.797000
39 17.997000
40 18.187000
41 18.367000
42 18.537000
43 18.699000
44 18.851000
45 18.996000
46 19.133000
47 19.263000
48 19.386000
49 19.502000
50 19.612000
51 19.716000
52 19.815000
53 19.909000
54 19.998000
55 20.082000
56 20.161000
57 20.236000
58 20.308000
59 20.375000
60 20.439000
61 20.500000
62 20.557000
63 20.611000
64 20.663000
65 20.712000
66 20.758000
67 20.802000
68 20.843000
69 20.882000
70 20.919000
71 20.954000
72 20.988000
73 21.019000
74 21.049000
75 21.077000
76 21.104000
77 21.130000
78 21.154000
79 21.176000
80 21.198000
81 21.218000
82 21.238000
83 21.256000
84 21.273000
85 21.290000
86 21.305000
87 21.320000
88 21.334000
89 21.347000
90 21.360000
91 21.372000
92 21.383000
93 21.393000
94 21.404000
95 21.413000
96 21.422000
97 21.431000
98 21.439000
99 21.446000
100 21.454000
101 21.461000
102 21.467000
103 21.473000
104 21.479000
105 21.485000
106 21.490000
107 21.495000
108 21.500000
109 21.504000
110 21.508000
111 21.512000
112 21.516000
113 21.520000
114 21.523000
115 21.526000
116 21.529000
117 21.532000
118 21.535000
119 21.537000
120 21.540000
121 21.542000
122 21.544000
123 21.546000
124 21.548000
125 21.550000
126 21.552000
127 21.554000
128 21.555000
129 21.557000
130 21.558000
131 21.560000
132 21.561000
133 21.562000
134 21.563000
135 21.564000
136 21.565000
137 21.566000
138 21.567000
139 21.568000
140 21.569000
141 21.570000
142 21.570000
143 21.571000
144 21.572000
145 21.572000
146 21.573000
147 21.574000
148 21.574000
149 21.575000
150 21.575000
151 21.576000
152 21.576000
153 21.576000
154 21.577000
155 21.577000
156 21.577000
157 21.578000
158 21.578000
159 21.578000
160 21.579000
161 21.579000
162 21.579000
163 21.579000
164 21.580000
165 21.580000
166 21.580000
167 21.580000
168 21.580000
169 21.581000
170 21.581000
171 21.581000
172 21.581000
173 21.581000
174 21.581000
175 21.581000
176 21.582000
177 21.582000
178 21.582000
179 21.582000
180 21.582000
181 21.582000
182 21.582000
183 21.582000
184 21.582000
185 21.582000
186 21.582000
187 21.582000
188 21.583000
189 21.583000
190 21.583000
191 21.583000
192 21.583000
193 21.583000
194 21.583000
195 21.583000
196 21.583000
197 21.583000
198 21.583000
199 21.583000
