0 0.000000
1 0.000000
2 0.000000
3 0.000000
4 0.000000
5 0.000000
6 0.000000
7 0.571280
8 1.112300
9 1.624700
10 2.110000
11 2.569600
12 3.004800
13 3.417000
14 3.807400
15 4.177200
16 4.527300
17 4.858900
18 5.173000
19 5.470400
20 5.752100
21 6.018900
22 6.271600
23 6.510900
24 6.737500
25 6.952100
26 7.155400
27 7.347900
28 7.530200
29 7.702800
30 7.866300
31 8.021200
32 8.167900
33 8.306800
34 8.438300
35 8.562900
36 8.680900
37 8.792600
38 8.898500
39 8.998700
40 9.093600
41 9.183500
42 9.268700
43 9.349300
44 9.425600
45 9.498000
46 9.566500
47 9.631300
48 9.692800
49 9.750900
50 9.806000
51 9.858200
52 9.907600
53 9.954400
54 9.998800
55 10.041000
56 10.081000
57 10.118000
58 10.154000
59 10.188000
60 10.220000
61 10.250000
62 10.279000
63 10.306000
64 10.331000
65 10.356000
66 10.379000
67 10.401000
68 10.421000
69 10.441000
70 10.460000
71 10.477000
72 10.494000
73 10.510000
74 10.525000
75 10.539000
76 10.552000
77 10.565000
78 10.577000
79 10.588000
80 10.599000
81 10.609000
82 10.619000
83 10.628000
84 10.637000
85 10.645000
86 10.653000
87 10.660000
88 10.667000
89 10.674000
90 10.680000
91 10.686000
92 10.691000
93 10.697000
94 10.702000
95 10.707000
96 10.711000
97 10.715000
98 10.719000
99 10.723000
100 10.727000
101 10.730000
102 10.734000
103 10.737000
104 10.740000
105 10.742000
106 10.745000
107 10.747000
108 10.750000
109 10.752000
110 10.754000
111 10.756000
112 10.758000
113 10.760000
114 10.761000
115 10.763000
116 10.765000
117 10.766000
118 10.767000
119 10.769000
120 10.770000
121 10.771000
122 10.772000
123 10.773000
124 10.774000
125 10.775000
126 10.776000
127 10.777000
128 10.778000
129 10.778000
130 10.779000
131 10.780000
132 10.780000
133 10.781000
134 10.782000
135 10.782000
136 10.783000
137 10.783000
138 10.784000
139 10.784000
140 10.784000
141 10.785000
142 10.785000
143 10.786000
144 10.786000
145 10.786000
146 10.786000
147 10.787000
148 10.787000
149 10.787000
150 10.788000
151 10.788000
152 10.788000
153 10.788000
154 10.788000
155 10.789000
156 10.789000
157 10.789000
158 10.789000
159 10.789000
160 10.789000
161 10.789000
162 10.790000
163 10.790000
164 10.790000
165 10.790000
166 10.790000
167 10.790000
168 10.790000
169 10.790000
170 10.790000
171 10.790000
172 10.791000
173 10.791000
174 10.791000
175 10.791000
176 10.791000
177 10.791000
178 10.791000
179 10.791000
180 10.791000
181 10.791000
182 10.791000
183 10.791000
184 10.791000
185 10.791000
186 10.791000
187 10.791000
188 10.791000
189 10.791000
190 10.791000
191 10.791000
192 10.791000
193 10.791000
194 10.791000
195 10.791000
196 10.791000
197 10.791000
198 10.792000
199 10.792000
