0 0.000000
1 0.000000
2 0.000000
3 0.000000
4 0.000000
5 0.000000
6 0.000000
7 0.142820
8 0.278080
9 0.406180
10 0.527500
11 0.642390
12 0.751210
13 0.854260
14 0.951860
15 1.044300
16 1.131800
17 1.214700
18 1.293200
19 1.367600
20 1.438000
21 1.504700
22 1.567900
23 1.627700
24 1.684400
25 1.738000
26 1.788800
27 1.837000
28 1.882500
29 1.925700
30 1.966600
31 2.005300
32 2.042000
33 2.076700
34 2.109600
35 2.140700
36 2.170200
37 2.198200
38 2.224600
39 2.249700
40 2.273400
41 2.295900
42 2.317200
43 2.337300
44 2.356400
45 2.374500
46 2.391600
47 2.407800
48 2.423200
49 2.437700
50 2.451500
51 2.464600
52 2.476900
53 2.488600
54 2.499700
55 2.510200
56 2.520100
57 2.529500
58 2.538500
59 2.546900
60 2.554900
61 2.562500
62 2.569600
63 2.576400
64 2.582900
65 2.589000
66 2.594700
67 2.600200
68 2.605400
69 2.610300
70 2.614900
71 2.619300
72 2.623500
73 2.627400
74 2.631100
75 2.634700
76 2.638000
77 2.641200
78 2.644200
79 2.647100
80 2.649700
81 2.652300
82 2.654700
83 2.657000
84 2.659200
85 2.661200
86 2.663200
87 2.665000
88 2.666800
89 2.668400
90 2.670000
91 2.671500
92 2.672900
93 2.674200
94 2.675400
95 2.676600
96 2.677800
97 2.678800
98 2.679800
99 2.680800
100 2.681700
101 2.682600
102 2.683400
103 2.684200
104 2.684900
105 2.685600
106 2.686200
107 2.686900
108 2.687400
109 2.688000
110 2.688500
111 2.689000
112 2.689500
113 2.689900
114 2.690400
115 2.690800
116 2.691200
117 2.691500
118 2.691900
119 2.692200
120 2.692500
121 2.692800
122 2.693000
123 2.693300
124 2.693600
125 2.693800
126 2.694000
127 2.694200
128 2.694400
129 2.694600
130 2.694800
131 2.694900
132 2.695100
133 2.695300
134 2.695400
135 2.695500
136 2.695700
137 2.695800
138 2.695900
139 2.696000
140 2.696100
141 2.696200
142 2.696300
143 2.696400
144 2.696500
145 2.696600
146 2.696600
147 2.696700
148 2.696800
149 2.696800
150 2.696900
151 2.696900
152 2.697000
153 2.697000
154 2.697100
155 2.697100
156 2.697200
157 2.697200
158 2.697300
159 2.697300
160 2.697300
161 2.697400
162 2.697400
163 2.697400
164 2.697500
165 2.697500
166 2.697500
167 2.697500
168 2.697600
169 2.697600
170 2.697600
171 2.697600
172 2.697600
173 2.697600
174 2.697700
175 2.697700
176 2.697700
177 2.697700
178 2.697700
179 2.697700
180 2.697700
181 2.697800
182 2.697800
183 2.697800
184 2.697800
185 2.697800
186 2.697800
187 2.697800
188 2.697800
189 2.697800
190 2.697800
191 2.697800
192 2.697800
193 2.697900
194 2.697900
195 2.697900
196 2.697900
197 2.697900
198 2.697900
199 2.697900
